20 26.932284 4.810159 0.990372 4.810159 -1.104024 8241.159663 0.008774
21 26.932281 4.809466 0.990365 4.809466 -1.104030 8241.159663 0.008774
22 26.932277 4.808687 0.990358 4.808687 -1.104037 8241.159663 0.008774
23 26.932272 4.807817 0.990350 4.807817 -1.104045 8241.159663 0.008774
24 26.932267 4.806853 0.990341 4.806853 -1.104054 8241.159663 0.008774
25 26.932260 4.805790 0.990332 4.805790 -1.104063 8241.159663 0.008774
26 26.932253 4.804626 0.990321 4.804626 -1.104074 8241.159663 0.008774
27 26.932244 4.803356 0.990310 4.803356 -1.104085 8241.159663 0.008774
28 26.932234 4.801976 0.990298 4.801976 -1.104097 8241.159663 0.008774
29 26.932222 4.800485 0.990285 4.800485 -1.104110 8241.159663 0.008774
30 26.932210 4.798878 0.990271 4.798878 -1.104124 8241.159663 0.008774
31 26.932195 4.797153 0.990256 4.797153 -1.104139 8241.159663 0.008774
32 26.932179 4.795307 0.990240 4.795307 -1.104156 8241.159663 0.008774
33 26.932162 4.793338 0.990222 4.793338 -1.104173 8241.159663 0.008774
34 26.932142 4.791242 0.990204 4.791242 -1.104191 8241.159663 0.008774
35 26.932121 4.789017 0.990185 4.789017 -1.104210 8241.159663 0.008774
36 26.932098 4.786662 0.990165 4.786662 -1.104230 8241.159663 0.008774
37 26.932073 4.784173 0.990143 4.784173 -1.104252 8241.159663 0.008774
38 26.932046 4.781550 0.990121 4.781550 -1.104274 8241.159663 0.008774
39 26.932017 4.778790 0.990097 4.778790 -1.104298 8241.159663 0.008774
40 26.931986 4.775892 0.990072 4.775892 -1.104323 8241.159663 0.008774
41 26.931953 4.772854 0.990047 4.772854 -1.104349 8241.159663 0.008774
42 26.931918 4.769675 0.990020 4.769675 -1.104376 8241.159663 0.008774
43 26.931880 4.766352 0.989991 4.766352 -1.104404 8241.159663 0.008774
44 26.931840 4.762886 0.989962 4.762886 -1.104433 8241.159663 0.008774
45 26.931797 4.759275 0.989931 4.759275 -1.104464 8241.159663 0.008774
46 26.931752 4.755518 0.989900 4.755518 -1.104495 8241.159663 0.008774
47 26.931705 4.751614 0.989867 4.751614 -1.104528 8241.159663 0.008774
48 26.931655 4.747563 0.989833 4.747563 -1.104563 8241.159663 0.008774
49 26.931603 4.743363 0.989797 4.743363 -1.104598 8241.159663 0.008774
50 26.931548 4.739015 0.989761 4.739015 -1.104635 8241.159663 0.008774
51 26.931491 4.734518 0.989723 4.734518 -1.104672 8241.159663 0.008774
52 26.931431 4.729872 0.989684 4.729872 -1.104711 8241.159663 0.008774
53 26.931369 4.725077 0.989643 4.725077 -1.104752 8241.159663 0.008774
54 26.931303 4.720132 0.989602 4.720132 -1.104793 8241.159663 0.008774
55 26.931236 4.715037 0.989559 4.715037 -1.104836 8241.159663 0.008774
56 26.931165 4.709793 0.989515 4.709793 -1.104880 8241.159663 0.008774
57 26.931092 4.704400 0.989470 4.704400 -1.104925 8241.159663 0.008774
58 26.931016 4.698859 0.989423 4.698859 -1.104972 8241.159663 0.008774
59 26.930938 4.693168 0.989376 4.693168 -1.105019 8241.159663 0.008774
60 26.930857 4.687330 0.989327 4.687330 -1.105068 8241.159663 0.008774
61 26.930773 4.681344 0.989276 4.681344 -1.105119 8241.159663 0.008774
62 26.930686 4.675211 0.989225 4.675211 -1.105170 8241.159663 0.008774
63 26.930597 4.668932 0.989172 4.668932 -1.105223 8241.159663 0.008774
64 26.930505 4.662507 0.989118 4.662507 -1.105277 8241.159663 0.008774
65 26.930410 4.655938 0.989063 4.655938 -1.105332 8241.159663 0.008774
66 26.930313 4.649225 0.989007 4.649225 -1.105388 8241.159663 0.008774
67 26.930213 4.642369 0.988949 4.642369 -1.105446 8241.159663 0.008774
68 26.930110 4.635372 0.988890 4.635372 -1.105505 8241.159663 0.008774
69 26.930004 4.628233 0.988830 4.628233 -1.105565 8241.159663 0.008774
70 26.929896 4.620954 0.988769 4.620954 -1.105627 8241.159663 0.008774
71 26.929785 4.613537 0.988706 4.613537 -1.105689 8241.159663 0.008774
72 26.929671 4.605983 0.988642 4.605983 -1.105753 8241.159663 0.008774
73 26.929555 4.598292 0.988577 4.598292 -1.105818 8241.159663 0.008774
74 26.929436 4.590466 0.988511 4.590466 -1.105884 8241.159663 0.008774
75 26.929314 4.582507 0.988443 4.582507 -1.105952 8241.159663 0.008774
76 26.929190 4.574415 0.988374 4.574415 -1.106021 8241.159663 0.008774
77 26.929063 4.566192 0.988304 4.566192 -1.106091 8241.159663 0.008774
78 26.928933 4.557839 0.988233 4.557839 -1.106162 8241.159663 0.008774
79 26.928801 4.549359 0.988161 4.549359 -1.106234 8241.159663 0.008774
80 26.928666 4.540751 0.988087 4.540751 -1.106308 8241.159663 0.008774
81 26.928528 4.532018 0.988012 4.532018 -1.106383 8241.159663 0.008774
82 26.928388 4.523161 0.987936 4.523161 -1.106459 8241.159663 0.008774
83 26.928245 4.514182 0.987859 4.514182 -1.106536 8241.159663 0.008774
84 26.928099 4.505082 0.987781 4.505082 -1.106615 8241.159663 0.008774
85 26.927952 4.495863 0.987701 4.495863 -1.106694 8241.159663 0.008774
86 26.927801 4.486526 0.987620 4.486526 -1.106775 8241.159663 0.008774
87 26.927648 4.477073 0.987538 4.477073 -1.106857 8241.159663 0.008774
88 26.927492 4.467505 0.987455 4.467505 -1.106940 8241.159663 0.008774
89 26.927334 4.457824 0.987371 4.457824 -1.107024 8241.159663 0.008774
90 26.927174 4.448032 0.987285 4.448032 -1.107110 8241.159663 0.008774
91 26.927011 4.438130 0.987198 4.438130 -1.107197 8241.159663 0.008774
92 26.926845 4.428119 0.987111 4.428119 -1.107285 8241.159663 0.008774
93 26.926677 4.418002 0.987021 4.418002 -1.107374 8241.159663 0.008774
94 26.926507 4.407780 0.986931 4.407780 -1.107464 8241.159663 0.008774
95 26.926334 4.397454 0.986840 4.397454 -1.107555 8241.159663 0.008774
96 26.926159 4.387026 0.986747 4.387026 -1.107648 8241.159663 0.008774
97 26.925981 4.376498 0.986654 4.376498 -1.107741 8241.159663 0.008774
98 26.925801 4.365872 0.986559 4.365872 -1.107836 8241.159663 0.008774
99 26.925619 4.355148 0.986463 4.355148 -1.107932 8241.159663 0.008774
100 26.925434 4.344328 0.986366 4.344328 -1.108029 8241.159663 0.008774
101 26.925247 4.333415 0.986268 4.333415 -1.108128 8241.159663 0.008774
102 26.925058 4.322410 0.986168 4.322410 -1.108227 8241.159663 0.008774
103 26.924866 4.311313 0.986068 4.311313 -1.108328 8241.159663 0.008774
104 26.924673 4.300128 0.985966 4.300128 -1.108429 8241.159663 0.008774
105 26.924477 4.288854 0.985863 4.288854 -1.108532 8241.159663 0.008774
106 26.924278 4.277495 0.985759 4.277495 -1.108636 8241.159663 0.008774
107 26.924078 4.266051 0.985654 4.266051 -1.108741 8241.159663 0.008774
108 26.923875 4.254524 0.985548 4.254524 -1.108847 8241.159663 0.008774
109 26.923670 4.242916 0.985441 4.242916 -1.108955 8241.159663 0.008774
110 26.923463 4.231228 0.985332 4.231228 -1.109063 8241.159663 0.008774
111 26.923254 4.219461 0.985223 4.219461 -1.109173 8241.159663 0.008774
112 26.923043 4.207617 0.985112 4.207617 -1.109283 8241.159663 0.008774
113 26.922829 4.195698 0.985000 4.195698 -1.109395 8241.159663 0.008774
114 26.922614 4.183705 0.984887 4.183705 -1.109508 8241.159663 0.008774
115 26.922396 4.171639 0.984773 4.171639 -1.109622 8241.159663 0.008774
116 26.922177 4.159502 0.984658 4.159502 -1.109737 8241.159663 0.008774
117 26.921955 4.147296 0.984542 4.147296 -1.109853 8241.159663 0.008774
118 26.921731 4.135021 0.984424 4.135021 -1.109971 8241.159663 0.008774
119 26.921506 4.122679 0.984306 4.122679 -1.110089 8241.159663 0.008774
120 26.921278 4.110272 0.984186 4.110272 -1.110209 8241.159663 0.008774
121 26.921048 4.097801 0.984065 4.097801 -1.110330 8241.159663 0.008774
122 26.920816 4.085268 0.983944 4.085268 -1.110452 8241.159663 0.008774
123 26.920583 4.072673 0.983821 4.072673 -1.110574 8241.159663 0.008774
124 26.920347 4.060018 0.983697 4.060018 -1.110698 8241.159663 0.008774
125 26.920110 4.047305 0.983571 4.047305 -1.110824 8241.159663 0.008774
126 26.919871 4.034534 0.983445 4.034534 -1.110950 8241.159663 0.008774
127 26.919629 4.021707 0.983318 4.021707 -1.111077 8241.159663 0.008774
128 26.919386 4.008825 0.983189 4.008825 -1.111206 8241.159663 0.008774
129 26.919141 3.995891 0.983060 3.995891 -1.111335 8241.159663 0.008774
130 26.918895 3.982903 0.982929 3.982903 -1.111466 8241.159663 0.008774
131 26.918646 3.969865 0.982797 3.969865 -1.111598 8241.159663 0.008774
132 26.918396 3.956778 0.982664 3.956778 -1.111731 8241.159663 0.008774
133 26.918144 3.943642 0.982530 3.943642 -1.111865 8241.159663 0.008774
134 26.917890 3.930458 0.982395 3.930458 -1.112000 8241.159663 0.008774
135 26.917634 3.917229 0.982259 3.917229 -1.112136 8241.159663 0.008774
136 26.917377 3.903955 0.982121 3.903955 -1.112274 8241.159663 0.008774
137 26.917118 3.890636 0.981983 3.890636 -1.112412 8241.159663 0.008774
138 26.916857 3.877276 0.981843 3.877276 -1.112552 8241.159663 0.008774
139 26.916594 3.863874 0.981703 3.863874 -1.112692 8241.159663 0.008774
140 26.916330 3.850431 0.981561 3.850431 -1.112834 8241.159663 0.008774
141 26.916064 3.836950 0.981418 3.836950 -1.112977 8241.159663 0.008774
142 26.915797 3.823430 0.981274 3.823430 -1.113121 8241.159663 0.008774
143 26.915528 3.809874 0.981129 3.809874 -1.113267 8241.159663 0.008774
144 26.915257 3.796281 0.980982 3.796281 -1.113413 8241.159663 0.008774
145 26.914984 3.782653 0.980835 3.782653 -1.113560 8241.159663 0.008774
146 26.914710 3.768992 0.980686 3.768992 -1.113709 8241.159663 0.008774
147 26.914435 3.755298 0.980536 3.755298 -1.113859 8241.159663 0.008774
148 26.914158 3.741572 0.980386 3.741572 -1.114010 8241.159663 0.008774
149 26.913879 3.727815 0.980234 3.727815 -1.114162 8241.159663 0.008774
150 26.913599 3.714028 0.980080 3.714028 -1.114315 8241.159663 0.008774
151 26.913317 3.700213 0.979926 3.700213 -1.114469 8241.159663 0.008774
152 26.913034 3.686369 0.979771 3.686369 -1.114624 8241.159663 0.008774
153 26.912749 3.672499 0.979614 3.672499 -1.114781 8241.159663 0.008774
154 26.912463 3.658602 0.979456 3.658602 -1.114939 8241.159663 0.008774
155 26.912175 3.644681 0.979297 3.644681 -1.115098 8241.159663 0.008774
156 26.911886 3.630735 0.979137 3.630735 -1.115258 8241.159663 0.008774
157 26.911596 3.616766 0.978976 3.616766 -1.115419 8241.159663 0.008774
158 26.911304 3.602775 0.978814 3.602775 -1.115581 8241.159663 0.008774
159 26.911010 3.588762 0.978650 3.588762 -1.115745 8241.159663 0.008774
160 26.910716 3.574729 0.978485 3.574729 -1.115910 8241.159663 0.008774
161 26.910419 3.560675 0.978319 3.560675 -1.116076 8241.159663 0.008774
162 26.910122 3.546603 0.978152 3.546603 -1.116243 8241.159663 0.008774
163 26.909823 3.532513 0.977984 3.532513 -1.116411 8241.159663 0.008774
164 26.909522 3.518405 0.977815 3.518405 -1.116581 8241.159663 0.008774
165 26.909221 3.504281 0.977644 3.504281 -1.116751 8241.159663 0.008774
166 26.908918 3.490141 0.977472 3.490141 -1.116923 8241.159663 0.008774
167 26.908613 3.475986 0.977299 3.475986 -1.117096 8241.159663 0.008774
168 26.908308 3.461817 0.977125 3.461817 -1.117271 8241.159663 0.008774
169 26.908001 3.447634 0.976949 3.447634 -1.117446 8241.159663 0.008774
170 26.907692 3.433439 0.976772 3.433439 -1.117623 8241.159663 0.008774
171 26.907383 3.419232 0.976594 3.419232 -1.117801 8241.159663 0.008774
172 26.907072 3.405014 0.976415 3.405014 -1.117980 8241.159663 0.008774
173 26.906760 3.390785 0.976235 3.390785 -1.118160 8241.159663 0.008774
174 26.906447 3.376547 0.976053 3.376547 -1.118342 8241.159663 0.008774
175 26.906132 3.362299 0.975870 3.362299 -1.118525 8241.159663 0.008774
176 26.905817 3.348043 0.975686 3.348043 -1.118709 8241.159663 0.008774
177 26.905500 3.333780 0.975500 3.333780 -1.118895 8241.159663 0.008774
178 26.905181 3.319509 0.975314 3.319509 -1.119081 8241.159663 0.008774
179 26.904862 3.305232 0.975126 3.305232 -1.119269 8241.159663 0.008774
180 26.904542 3.290950 0.974936 3.290950 -1.119459 8241.159663 0.008774
181 26.904220 3.276662 0.974746 3.276662 -1.119649 8241.159663 0.008774
182 26.903897 3.262370 0.974554 3.262370 -1.119841 8241.159663 0.008774
183 26.903573 3.248074 0.974361 3.248074 -1.120034 8241.159663 0.008774
184 26.903248 3.233774 0.974166 3.233774 -1.120229 8241.159663 0.008774
185 26.902921 3.219473 0.973971 3.219473 -1.120425 8241.159663 0.008774
186 26.902594 3.205169 0.973773 3.205169 -1.120622 8241.159663 0.008774
187 26.902265 3.190864 0.973575 3.190864 -1.120820 8241.159663 0.008774
188 26.901936 3.176558 0.973375 3.176558 -1.121020 8241.159663 0.008774
189 26.901605 3.162251 0.973174 3.162251 -1.121221 8241.159663 0.008774
190 26.901273 3.147945 0.972972 3.147945 -1.121423 8241.159663 0.008774
191 26.900940 3.133640 0.972768 3.133640 -1.121627 8241.159663 0.008774
192 26.900606 3.119336 0.972563 3.119336 -1.121832 8241.159663 0.008774
193 26.900271 3.105034 0.972356 3.105034 -1.122039 8241.159663 0.008774
194 26.899935 3.090735 0.972148 3.090735 -1.122247 8241.159663 0.008774
195 26.899598 3.076439 0.971939 3.076439 -1.122456 8241.159663 0.008774
196 26.899260 3.062146 0.971728 3.062146 -1.122667 8241.159663 0.008774
197 26.898921 3.047857 0.971516 3.047857 -1.122879 8241.159663 0.008774
198 26.898581 3.033572 0.971302 3.033572 -1.123093 8241.159663 0.008774
199 26.898239 3.019293 0.971087 3.019293 -1.123308 8241.159663 0.008774
200 26.897897 3.005019 0.970871 3.005019 -1.123524 8241.159663 0.008774
201 26.897554 2.990751 0.970653 2.990751 -1.123742 8241.159663 0.008774
202 26.897210 2.976490 0.970433 2.976490 -1.123962 8241.159663 0.008774
203 26.896865 2.962235 0.970213 2.962235 -1.124183 8241.159663 0.008774
204 26.896519 2.947988 0.969990 2.947988 -1.124405 8241.159663 0.008774
205 26.896171 2.933749 0.969766 2.933749 -1.124629 8241.159663 0.008774
206 26.895823 2.919518 0.969541 2.919518 -1.124854 8241.159663 0.008774
207 26.895474 2.905296 0.969314 2.905296 -1.125081 8241.159663 0.008774
208 26.895124 2.891082 0.969086 2.891082 -1.125309 8241.159663 0.008774
209 26.894774 2.876879 0.968856 2.876879 -1.125539 8241.159663 0.008774
210 26.894422 2.862685 0.968625 2.862685 -1.125770 8241.159663 0.008774
211 26.894069 2.848502 0.968392 2.848502 -1.126003 8241.159663 0.008774
212 26.893716 2.834330 0.968157 2.834330 -1.126238 8241.159663 0.008774
213 26.893361 2.820168 0.967921 2.820168 -1.126474 8241.159663 0.008774
214 26.893006 2.806019 0.967683 2.806019 -1.126712 8241.159663 0.008774
215 26.892649 2.791881 0.967444 2.791881 -1.126951 8241.159663 0.008774
216 26.892292 2.777756 0.967203 2.777756 -1.127192 8241.159663 0.008774
217 26.891934 2.763644 0.966961 2.763644 -1.127435 8241.159663 0.008774
218 26.891575 2.749545 0.966716 2.749545 -1.127679 8241.159663 0.008774
219 26.891216 2.735459 0.966471 2.735459 -1.127925 8241.159663 0.008774
220 26.890855 2.721387 0.966223 2.721387 -1.128172 8241.159663 0.008774
221 26.890494 2.707330 0.965974 2.707330 -1.128421 8241.159663 0.008774
222 26.890131 2.693287 0.965723 2.693287 -1.128672 8241.159663 0.008774
223 26.889768 2.679259 0.965470 2.679259 -1.128925 8241.159663 0.008774
224 26.889404 2.665246 0.965216 2.665246 -1.129179 8241.159663 0.008774
225 26.889040 2.651249 0.964960 2.651249 -1.129435 8241.159663 0.008774
226 26.888674 2.637268 0.964702 2.637268 -1.129693 8241.159663 0.008774
227 26.888308 2.623304 0.964443 2.623304 -1.129952 8241.159663 0.008774
228 26.887941 2.609356 0.964182 2.609356 -1.130213 8241.159663 0.008774
229 26.887573 2.595425 0.963919 2.595425 -1.130476 8241.159663 0.008774
230 26.887204 2.581511 0.963654 2.581511 -1.130741 8241.159663 0.008774
231 26.886834 2.567615 0.963387 2.567615 -1.131008 8241.159663 0.008774
232 26.886464 2.553736 0.963119 2.553736 -1.131277 8241.159663 0.008774
233 26.886093 2.539876 0.962848 2.539876 -1.131547 8241.159663 0.008774
234 26.885721 2.526035 0.962576 2.526035 -1.131819 8241.159663 0.008774
235 26.885348 2.512212 0.962302 2.512212 -1.132093 8241.159663 0.008774
236 26.884975 2.498408 0.962026 2.498408 -1.132369 8241.159663 0.008774
237 26.884601 2.484624 0.961748 2.484624 -1.132647 8241.159663 0.008774
238 26.884226 2.470860 0.961468 2.470860 -1.132927 8241.159663 0.008774
239 26.883850 2.457115 0.961186 2.457115 -1.133209 8241.159663 0.008774
240 26.883474 2.443391 0.960902 2.443391 -1.133493 8241.159663 0.008774
241 26.883097 2.429687 0.960617 2.429687 -1.133778 8241.159663 0.008774
242 26.882719 2.416004 0.960329 2.416004 -1.134066 8241.159663 0.008774
243 26.882341 2.402342 0.960039 2.402342 -1.134356 8241.159663 0.008774
244 26.881962 2.388701 0.959747 2.388701 -1.134648 8241.159663 0.008774
245 26.881582 2.375082 0.959453 2.375082 -1.134942 8241.159663 0.008774
246 26.881201 2.361485 0.959158 2.361485 -1.135238 8241.159663 0.008774
247 26.880820 2.347909 0.958859 2.347909 -1.135536 8241.159663 0.008774
248 26.880438 2.334357 0.958559 2.334357 -1.135836 8241.159663 0.008774
249 26.880055 2.320826 0.958257 2.320826 -1.136138 8241.159663 0.008774
250 26.879671 2.307319 0.957953 2.307319 -1.136442 8241.159663 0.008774
251 26.879287 2.293834 0.957646 2.293834 -1.136749 8241.159663 0.008774
252 26.878903 2.280373 0.957337 2.280373 -1.137058 8241.159663 0.008774
253 26.878517 2.266936 0.957026 2.266936 -1.137369 8241.159663 0.008774
254 26.878131 2.253522 0.956713 2.253522 -1.137682 8241.159663 0.008774
255 26.877744 2.240132 0.956397 2.240132 -1.137998 8241.159663 0.008774
256 26.877357 2.226767 0.956080 2.226767 -1.138316 8241.159663 0.008774
257 26.876969 2.213426 0.955759 2.213426 -1.138636 8241.159663 0.008774
258 26.876580 2.200109 0.955437 2.200109 -1.138958 8241.159663 0.008774
259 26.876191 2.186818 0.955112 2.186818 -1.139283 8241.159663 0.008774
260 26.875801 2.173551 0.954785 2.173551 -1.139610 8241.159663 0.008774
261 26.875410 2.160310 0.954456 2.160310 -1.139940 8241.159663 0.008774
262 26.875019 2.147095 0.954124 2.147095 -1.140272 8241.159663 0.008774
263 26.874627 2.133905 0.953789 2.133905 -1.140606 8241.159663 0.008774
264 26.874235 2.120741 0.953452 2.120741 -1.140943 8241.159663 0.008774
265 26.873842 2.107603 0.953113 2.107603 -1.141282 8241.159663 0.008774
266 26.873448 2.094492 0.952771 2.094492 -1.141624 8241.159663 0.008774
267 26.873053 2.081407 0.952427 2.081407 -1.141969 8241.159663 0.008774
268 26.872658 2.068349 0.952079 2.068349 -1.142316 8241.159663 0.008774
269 26.872263 2.055318 0.951730 2.055318 -1.142665 8241.159663 0.008774
270 26.871867 2.042314 0.951378 2.042314 -1.143017 8241.159663 0.008774
271 26.871470 2.029338 0.951023 2.029338 -1.143372 8241.159663 0.008774
272 26.871073 2.016389 0.950665 2.016389 -1.143730 8241.159663 0.008774
273 26.870675 2.003467 0.950305 2.003467 -1.144090 8241.159663 0.008774
274 26.870276 1.990574 0.949942 1.990574 -1.144453 8241.159663 0.008774
275 26.869877 1.977708 0.949576 1.977708 -1.144819 8241.159663 0.008774
276 26.869477 1.964871 0.949207 1.964871 -1.145188 8241.159663 0.008774
277 26.869077 1.952062 0.948836 1.952062 -1.145559 8241.159663 0.008774
278 26.868676 1.939282 0.948462 1.939282 -1.145934 8241.159663 0.008774
279 26.868275 1.926531 0.948084 1.926531 -1.146311 8241.159663 0.008774
280 26.867873 1.913809 0.947704 1.913809 -1.146691 8241.159663 0.008774
281 26.867470 1.901116 0.947321 1.901116 -1.147074 8241.159663 0.008774
282 26.867067 1.888452 0.946935 1.888452 -1.147460 8241.159663 0.008774
283 26.866663 1.875817 0.946546 1.875817 -1.147849 8241.159663 0.008774
284 26.866259 1.863212 0.946154 1.863212 -1.148241 8241.159663 0.008774
285 26.865854 1.850637 0.945759 1.850637 -1.148637 8241.159663 0.008774
286 26.865449 1.838092 0.945360 1.838092 -1.149035 8241.159663 0.008774
287 26.865043 1.825577 0.944959 1.825577 -1.149436 8241.159663 0.008774
288 26.864637 1.813093 0.944554 1.813093 -1.149841 8241.159663 0.008774
289 26.864230 1.800639 0.944146 1.800639 -1.150249 8241.159663 0.008774
290 26.863822 1.788215 0.943735 1.788215 -1.150660 8241.159663 0.008774
291 26.863414 1.775822 0.943320 1.775822 -1.151075 8241.159663 0.008774
292 26.863006 1.763461 0.942902 1.763461 -1.151493 8241.159663 0.008774
293 26.862597 1.751130 0.942481 1.751130 -1.151914 8241.159663 0.008774
294 26.862187 1.738830 0.942056 1.738830 -1.152339 8241.159663 0.008774
295 26.861777 1.726562 0.941628 1.726562 -1.152767 8241.159663 0.008774
296 26.861366 1.714326 0.941196 1.714326 -1.153199 8241.159663 0.008774
297 26.860955 1.702121 0.940761 1.702121 -1.153634 8241.159663 0.008774
298 26.860543 1.689948 0.940322 1.689948 -1.154073 8241.159663 0.008774
299 26.860131 1.677807 0.939880 1.677807 -1.154515 8241.159663 0.008774
300 26.859718 1.665698 0.939433 1.665698 -1.154962 8241.159663 0.008774
301 26.859305 1.653621 0.938984 1.653621 -1.155412 8241.159663 0.008774
302 26.858892 1.641577 0.938530 1.641577 -1.155865 8241.159663 0.008774
303 26.858477 1.629565 0.938072 1.629565 -1.156323 8241.159663 0.008774
304 26.858063 1.617586 0.937611 1.617586 -1.156784 8241.159663 0.008774
305 26.857647 1.605640 0.937146 1.605640 -1.157249 8241.159663 0.008774
306 26.857232 1.593727 0.936677 1.593727 -1.157719 8241.159663 0.008774
307 26.856815 1.581847 0.936203 1.581847 -1.158192 8241.159663 0.008774
308 26.856399 1.570000 0.935726 1.570000 -1.158669 8241.159663 0.008774
309 26.855982 1.558187 0.935244 1.558187 -1.159151 8241.159663 0.008774
310 26.855564 1.546407 0.934759 1.546407 -1.159636 8241.159663 0.008774
311 26.855146 1.534661 0.934269 1.534661 -1.160126 8241.159663 0.008774
312 26.854727 1.522949 0.933775 1.522949 -1.160620 8241.159663 0.008774
313 26.854308 1.511270 0.933277 1.511270 -1.161119 8241.159663 0.008774
314 26.853888 1.499626 0.932774 1.499626 -1.161621 8241.159663 0.008774
315 26.853468 1.488016 0.932266 1.488016 -1.162129 8241.159663 0.008774
316 26.853048 1.476440 0.931755 1.476440 -1.162640 8241.159663 0.008774
317 26.852627 1.464899 0.931238 1.464899 -1.163157 8241.159663 0.008774
318 26.852205 1.453393 0.930717 1.453393 -1.163678 8241.159663 0.008774
319 26.851783 1.441921 0.930192 1.441921 -1.164203 8241.159663 0.008774
320 26.851361 1.430484 0.929661 1.430484 -1.164734 8241.159663 0.008774
321 26.850938 1.419082 0.929126 1.419082 -1.165269 8241.159663 0.008774
322 26.850514 1.407715 0.928586 1.407715 -1.165809 8241.159663 0.008774
323 26.850090 1.396384 0.928041 1.396384 -1.166354 8241.159663 0.008774
324 26.849666 1.385087 0.927491 1.385087 -1.166904 8241.159663 0.008774
325 26.849241 1.373827 0.926936 1.373827 -1.167459 8241.159663 0.008774
326 26.848816 1.362602 0.926376 1.362602 -1.168019 8241.159663 0.008774
327 26.848390 1.351413 0.925810 1.351413 -1.168585 8241.159663 0.008774
328 26.847964 1.340259 0.925240 1.340259 -1.169155 8241.159663 0.008774
329 26.847538 1.329142 0.924664 1.329142 -1.169732 8241.159663 0.008774
330 26.847111 1.318061 0.924082 1.318061 -1.170313 8241.159663 0.008774
331 26.846683 1.307016 0.923495 1.307016 -1.170900 8241.159663 0.008774
332 26.846255 1.296008 0.922902 1.296008 -1.171493 8241.159663 0.008774
333 26.845827 1.285036 0.922304 1.285036 -1.172091 8241.159663 0.008774
334 26.845398 1.274101 0.921700 1.274101 -1.172695 8241.159663 0.008774
335 26.844969 1.263203 0.921090 1.263203 -1.173305 8241.159663 0.008774
336 26.844539 1.252342 0.920474 1.252342 -1.173921 8241.159663 0.008774
337 26.844109 1.241517 0.919852 1.241517 -1.174543 8241.159663 0.008774
338 26.843678 1.230730 0.919225 1.230730 -1.175171 8241.159663 0.008774
339 26.843247 1.219980 0.918590 1.219980 -1.175805 8241.159663 0.008774
340 26.842815 1.209268 0.917950 1.209268 -1.176445 8241.159663 0.008774
341 26.842383 1.198593 0.917303 1.198593 -1.177092 8241.159663 0.008774
342 26.841951 1.187955 0.916650 1.187955 -1.177745 8241.159663 0.008774
343 26.841518 1.177356 0.915990 1.177356 -1.178405 8241.159663 0.008774
344 26.841085 1.166794 0.915324 1.166794 -1.179071 8241.159663 0.008774
345 26.840651 1.156271 0.914651 1.156271 -1.179744 8241.159663 0.008774
346 26.840217 1.145785 0.913971 1.145785 -1.180424 8241.159663 0.008774
347 26.839783 1.135338 0.913284 1.135338 -1.181111 8241.159663 0.008774
348 26.839348 1.124929 0.912590 1.124929 -1.181805 8241.159663 0.008774
349 26.838912 1.114559 0.911888 1.114559 -1.182507 8241.159663 0.008774
350 26.838476 1.104228 0.911180 1.104228 -1.183215 8241.159663 0.008774
351 26.838040 1.093935 0.910464 1.093935 -1.183931 8241.159663 0.008774
352 26.837603 1.083681 0.909740 1.083681 -1.184655 8241.159663 0.008774
353 26.837166 1.073466 0.909009 1.073466 -1.185386 8241.159663 0.008774
354 26.836729 1.063291 0.908270 1.063291 -1.186125 8241.159663 0.008774
355 26.836291 1.053154 0.907524 1.053154 -1.186872 8241.159663 0.008774
356 26.835852 1.043057 0.906769 1.043057 -1.187626 8241.159663 0.008774
357 26.835414 1.033000 0.906006 1.033000 -1.188389 8241.159663 0.008774
358 26.834974 1.022982 0.905235 1.022982 -1.189161 8241.159663 0.008774
359 26.834535 1.013004 0.904455 1.013004 -1.189940 8241.159663 0.008774
360 26.834095 1.003066 0.903667 1.003066 -1.190728 8241.159663 0.008774
361 26.833654 0.993168 0.902870 0.993168 -1.191525 8241.159663 0.008774
362 26.833213 0.983310 0.902064 0.983310 -1.192331 8241.159663 0.008774
363 26.832772 0.973492 0.901249 0.973492 -1.193146 8241.159663 0.008774
364 26.832330 0.963715 0.900426 0.963715 -1.193970 8241.159663 0.008774
365 26.831888 0.953978 0.899592 0.953978 -1.194803 8241.159663 0.008774
366 26.831445 0.944282 0.898750 0.944282 -1.195645 8241.159663 0.008774
367 26.831002 0.934627 0.897898 0.934627 -1.196497 8241.159663 0.008774
368 26.830559 0.925013 0.897036 0.925013 -1.197359 8241.159663 0.008774
369 26.830115 0.915440 0.896164 0.915440 -1.198231 8241.159663 0.008774
370 26.829671 0.905907 0.895282 0.905907 -1.199113 8241.159663 0.008774
371 26.829226 0.896417 0.894390 0.896417 -1.200006 8241.159663 0.008774
372 26.828781 0.886967 0.893487 0.886967 -1.200908 8241.159663 0.008774
373 26.828336 0.877559 0.892573 0.877559 -1.201822 8241.159663 0.008774
374 26.827890 0.868193 0.891649 0.868193 -1.202746 8241.159663 0.008774
375 26.827443 0.858869 0.890714 0.858869 -1.203681 8241.159663 0.008774
376 26.826997 0.849587 0.889767 0.849587 -1.204628 8241.159663 0.008774
377 26.826550 0.840346 0.888809 0.840346 -1.205586 8241.159663 0.008774
378 26.826102 0.831148 0.887840 0.831148 -1.206555 8241.159663 0.008774
379 26.825654 0.821993 0.886858 0.821993 -1.207537 8241.159663 0.008774
380 26.825206 0.812879 0.885865 0.812879 -1.208531 8241.159663 0.008774
381 26.824757 0.803809 0.884859 0.803809 -1.209536 8241.159663 0.008774
382 26.824308 0.794781 0.883840 0.794781 -1.210555 8241.159663 0.008774
383 26.823858 0.785796 0.882809 0.785796 -1.211586 8241.159663 0.008774
384 26.823408 0.776854 0.881765 0.776854 -1.212630 8241.159663 0.008774
385 26.822958 0.767955 0.880707 0.767955 -1.213688 8241.159663 0.008774
386 26.822507 0.759100 0.879636 0.759100 -1.214759 8241.159663 0.008774
387 26.822055 0.750288 0.878552 0.750288 -1.215844 8241.159663 0.008774
388 26.821604 0.741519 0.877453 0.741519 -1.216942 8241.159663 0.008774
389 26.821152 0.732794 0.876340 0.732794 -1.218055 8241.159663 0.008774
390 26.820699 0.724113 0.875212 0.724113 -1.219183 8241.159663 0.008774
391 26.820246 0.715477 0.874069 0.715477 -1.220326 8241.159663 0.008774
392 26.819793 0.706884 0.872912 0.706884 -1.221483 8241.159663 0.008774
393 26.819339 0.698335 0.871738 0.698335 -1.222657 8241.159663 0.008774
394 26.818885 0.689831 0.870549 0.689831 -1.223846 8241.159663 0.008774
395 26.818431 0.681372 0.869344 0.681372 -1.225051 8241.159663 0.008774
396 26.817976 0.672957 0.868123 0.672957 -1.226273 8241.159663 0.008774
397 26.817520 0.664587 0.866884 0.664587 -1.227511 8241.159663 0.008774
398 26.817065 0.656262 0.865629 0.656262 -1.228766 8241.159663 0.008774
399 26.816608 0.647982 0.864356 0.647982 -1.230039 8241.159663 0.008774
400 26.816152 0.639747 0.863065 0.639747 -1.231330 8241.159663 0.008774
401 26.815695 0.631558 0.861756 0.631558 -1.232639 8241.159663 0.008774
402 26.815237 0.623415 0.860428 0.623415 -1.233967 8241.159663 0.008774
403 26.814779 0.615317 0.859081 0.615317 -1.235314 8241.159663 0.008774
404 26.814321 0.607265 0.857715 0.607265 -1.236680 8241.159663 0.008774
405 26.813863 0.599259 0.856329 0.599259 -1.238066 8241.159663 0.008774
406 26.813404 0.591299 0.854923 0.591299 -1.239472 8241.159663 0.008774
407 26.812944 0.583386 0.853496 0.583386 -1.240899 8241.159663 0.008774
408 26.812484 0.575519 0.852048 0.575519 -1.242347 8241.159663 0.008774
409 26.812024 0.567699 0.850578 0.567699 -1.243817 8241.159663 0.008774
410 26.811563 0.559925 0.849086 0.559925 -1.245309 8241.159663 0.008774
411 26.811102 0.552199 0.847572 0.552199 -1.246823 8241.159663 0.008774
412 26.810640 0.544520 0.846034 0.544520 -1.248361 8241.159663 0.008774
413 26.810178 0.536888 0.844473 0.536888 -1.249923 8241.159663 0.008774
414 26.809716 0.529303 0.842887 0.529303 -1.251508 8241.159663 0.008774
415 26.809253 0.521766 0.841276 0.521766 -1.253119 8241.159663 0.008774
416 26.808790 0.514277 0.839641 0.514277 -1.254755 8241.159663 0.008774
417 26.808326 0.506836 0.837979 0.506836 -1.256416 8241.159663 0.008774
418 26.807862 0.499443 0.836290 0.499443 -1.258105 8241.159663 0.008774
419 26.807398 0.492098 0.834575 0.492098 -1.259820 8241.159663 0.008774
420 26.806933 0.484801 0.832831 0.484801 -1.261564 8241.159663 0.008774
421 26.806468 0.477554 0.831059 0.477554 -1.263336 8241.159663 0.008774
422 26.806002 0.470355 0.829257 0.470355 -1.265138 8241.159663 0.008774
423 26.805536 0.463205 0.827426 0.463205 -1.266969 8241.159663 0.008774
424 26.805069 0.456104 0.825564 0.456104 -1.268831 8241.159663 0.008774
425 26.804602 0.449052 0.823670 0.449052 -1.270725 8241.159663 0.008774
426 26.804135 0.442050 0.821744 0.442050 -1.272651 8241.159663 0.008774
427 26.803667 0.435097 0.819785 0.435097 -1.274610 8241.159663 0.008774
428 26.803199 0.428195 0.817791 0.428195 -1.276604 8241.159663 0.008774
429 26.802730 0.421342 0.815763 0.421342 -1.278632 8241.159663 0.008774
430 26.802261 0.414540 0.813699 0.414540 -1.280696 8241.159663 0.008774
431 26.801791 0.407788 0.811599 0.407788 -1.282796 8241.159663 0.008774
432 26.801321 0.401086 0.809460 0.401086 -1.284935 8241.159663 0.008774
433 26.800851 0.394435 0.807283 0.394435 -1.287112 8241.159663 0.008774
434 26.800380 0.387835 0.805066 0.387835 -1.289329 8241.159663 0.008774
435 26.799909 0.381287 0.802808 0.381287 -1.291587 8241.159663 0.008774
436 26.799437 0.374789 0.800508 0.374789 -1.293887 8241.159663 0.008774
437 26.798965 0.368343 0.798165 0.368343 -1.296230 8241.159663 0.008774
438 26.798492 0.361949 0.795778 0.361949 -1.298617 8241.159663 0.008774
439 26.798019 0.355607 0.793345 0.355607 -1.301050 8241.159663 0.008774
440 26.797546 0.349316 0.790865 0.349316 -1.303530 8241.159663 0.008774
441 26.797072 0.343078 0.788337 0.343078 -1.306059 8241.159663 0.008774
442 26.796597 0.336893 0.785759 0.336893 -1.308636 8241.159663 0.008774
443 26.796123 0.330760 0.783130 0.330760 -1.311266 8241.159663 0.008774
444 26.795647 0.324680 0.780448 0.324680 -1.313947 8241.159663 0.008774
445 26.795172 0.318653 0.777712 0.318653 -1.316683 8241.159663 0.008774
446 26.794696 0.312679 0.774920 0.312679 -1.319475 8241.159663 0.008774
447 26.794219 0.306759 0.772071 0.306759 -1.322324 8241.159663 0.008774
448 26.793742 0.300893 0.769162 0.300893 -1.325233 8241.159663 0.008774
449 26.793265 0.295080 0.766193 0.295080 -1.328202 8241.159663 0.008774
450 26.792787 0.289322 0.763160 0.289322 -1.331235 8241.159663 0.008774
451 26.792308 0.283618 0.760062 0.283618 -1.334333 8241.159663 0.008774
452 26.791830 0.277968 0.756898 0.277968 -1.337498 8241.159663 0.008774
453 26.791350 0.272374 0.753664 0.272374 -1.340731 8241.159663 0.008774
454 26.790871 0.266834 0.750358 0.266834 -1.344037 8241.159663 0.008774
455 26.790390 0.261349 0.746979 0.261349 -1.347416 8241.159663 0.008774
456 26.789910 0.255920 0.743524 0.255920 -1.350871 8241.159663 0.008774
457 26.789429 0.250547 0.739989 0.250547 -1.354406 8241.159663 0.008774
458 26.788947 0.245229 0.736374 0.245229 -1.358021 8241.159663 0.008774
459 26.788465 0.239968 0.732674 0.239968 -1.361721 8241.159663 0.008774
460 26.787983 0.234763 0.728888 0.234763 -1.365508 8241.159663 0.008774
461 26.787500 0.229614 0.725011 0.229614 -1.369384 8241.159663 0.008774
462 26.787017 0.224523 0.721041 0.224523 -1.373354 8241.159663 0.008774
463 26.786533 0.219488 0.716974 0.219488 -1.377421 8241.159663 0.008774
464 26.786048 0.214511 0.712808 0.214511 -1.381587 8241.159663 0.008774
465 26.785564 0.209591 0.708538 0.209591 -1.385857 8241.159663 0.008774
466 26.785078 0.204729 0.704161 0.204729 -1.390234 8241.159663 0.008774
467 26.784593 0.199925 0.699673 0.199925 -1.394723 8241.159663 0.008774
468 26.784106 0.195179 0.695069 0.195179 -1.399326 8241.159663 0.008774
469 26.783620 0.190492 0.690346 0.190492 -1.404050 8241.159663 0.008774
470 26.783133 0.185864 0.685498 0.185864 -1.408897 8241.159663 0.008774
471 26.782645 0.181294 0.680522 0.181294 -1.413874 8241.159663 0.008774
472 26.782157 0.176784 0.675411 0.176784 -1.418984 8241.159663 0.008774
473 26.781668 0.172334 0.670162 0.172334 -1.424234 8241.159663 0.008774
474 26.781179 0.167943 0.664767 0.167943 -1.429628 8241.159663 0.008774
475 26.780689 0.163612 0.659223 0.163612 -1.435172 8241.159663 0.008774
476 26.780199 0.159342 0.653522 0.159342 -1.440873 8241.159663 0.008774
477 26.779709 0.155132 0.647658 0.155132 -1.446737 8241.159663 0.008774
478 26.779218 0.150983 0.641625 0.150983 -1.452770 8241.159663 0.008774
479 26.778726 0.146896 0.635416 0.146896 -1.458980 8241.159663 0.008774
480 26.778234 0.142869 0.629022 0.142869 -1.465373 8241.159663 0.008774
481 26.777742 0.138905 0.622437 0.138905 -1.471958 8241.159663 0.008774
482 26.777249 0.135002 0.615652 0.135002 -1.478743 8241.159663 0.008774
483 26.776755 0.131162 0.608659 0.131162 -1.485736 8241.159663 0.008774
484 26.776261 0.127384 0.601448 0.127384 -1.492947 8241.159663 0.008774
485 26.775766 0.123670 0.594010 0.123670 -1.500385 8241.159663 0.008774
486 26.775271 0.120018 0.586335 0.120018 -1.508060 8241.159663 0.008774
487 26.774776 0.116430 0.578412 0.116430 -1.515983 8241.159663 0.008774
488 26.774280 0.112905 0.570231 0.112905 -1.524164 8241.159663 0.008774
489 26.773783 0.109445 0.561778 0.109445 -1.532617 8241.159663 0.008774
490 26.773286 0.106049 0.553043 0.106049 -1.541352 8241.159663 0.008774
491 26.772788 0.102717 0.544011 0.102717 -1.550384 8241.159663 0.008774
492 26.772290 0.099451 0.534670 0.099451 -1.559726 8241.159663 0.008774
493 26.771791 0.096249 0.525003 0.096249 -1.569392 8241.159663 0.008774
494 26.771292 0.093114 0.514997 0.093114 -1.579398 8241.159663 0.008774
495 26.770792 0.090044 0.504634 0.090044 -1.589761 8241.159663 0.008774
496 26.770292 0.087041 0.493898 0.087041 -1.600497 8241.159663 0.008774
497 26.769791 0.084104 0.482771 0.084104 -1.611624 8241.159663 0.008774
498 26.769290 0.081234 0.471234 0.081234 -1.623161 8241.159663 0.008774
499 26.768788 0.078431 0.459266 0.078431 -1.635129 8241.159663 0.008774
500 26.768286 0.075695 0.446848 0.075695 -1.647547 8241.159663 0.008774
501 26.767783 0.073028 0.433956 0.073028 -1.660439 8241.159663 0.008774
502 26.767279 0.070429 0.420569 0.070429 -1.673826 8241.159663 0.008774
503 26.766775 0.067898 0.406661 0.067898 -1.687734 8241.159663 0.008774
504 26.766270 0.065436 0.392207 0.065436 -1.702188 8241.159663 0.008774
505 26.765765 0.063044 0.377181 0.063044 -1.717214 8241.159663 0.008774
506 26.765259 0.060721 0.361556 0.060721 -1.732839 8241.159663 0.008774
507 26.764753 0.058468 0.345303 0.058468 -1.749092 8241.159663 0.008774
508 26.764246 0.056286 0.328391 0.056286 -1.766004 8241.159663 0.008774
509 26.763739 0.054174 0.310792 0.054174 -1.783604 8241.159663 0.008774
510 26.763231 0.052134 0.292472 0.052134 -1.801923 8241.159663 0.008774
511 26.762722 0.050164 0.273401 0.050164 -1.820994 8241.159663 0.008774
512 26.762213 0.048267 0.253545 0.048267 -1.840850 8241.159663 0.008774
513 26.761703 0.046442 0.232871 0.046442 -1.861524 8241.159663 0.008774
514 26.761193 0.044689 0.211348 0.044689 -1.883047 8241.159663 0.008774
515 26.760682 0.043010 0.188941 0.043010 -1.905454 8241.159663 0.008774
516 26.760171 0.041403 0.165621 0.041403 -1.928775 8241.159663 0.008774
517 26.759658 0.039871 0.141355 0.039871 -1.953040 8241.159663 0.008774
518 26.759146 0.038413 0.116116 0.038413 -1.978279 8241.159663 0.008774
519 26.758632 0.037029 0.089879 0.037029 -2.004516 8241.159663 0.008774
520 26.758119 0.035720 0.062620 0.035720 -2.031775 8241.159663 0.008774
521 26.757604 0.034487 0.034323 0.034487 -2.060072 8241.159663 0.008774
522 26.757089 0.033330 0.004973 0.033330 -2.089422 8241.159663 0.008774
523 26.756573 0.032248 -0.025436 0.032248 -2.119831 8241.159663 0.008774
524 26.756057 0.031244 -0.056902 0.031244 -2.151297 8241.159663 0.008774
525 26.755540 0.030316 -0.089416 0.030316 -2.183812 8241.159663 0.008774
526 26.755023 0.029466 -0.122961 0.029466 -2.217356 8241.159663 0.008774
527 26.754505 0.028694 -0.157507 0.028694 -2.251902 8241.159663 0.008774
528 26.753986 0.028001 -0.193013 0.028001 -2.287408 8241.159663 0.008774
529 26.753466 0.027386 -0.229427 0.027386 -2.323822 8241.159663 0.008774
530 26.752946 0.026851 -0.266684 0.026851 -2.361079 8241.159663 0.008774
531 26.752426 0.026395 -0.304709 0.026395 -2.399104 8241.159663 0.008774
532 26.751904 0.026020 -0.343411 0.026020 -2.437806 8241.159663 0.008774
533 26.751382 0.025725 -0.382690 0.025725 -2.477085 8241.159663 0.008774
534 26.750860 0.025512 -0.422437 0.025512 -2.516832 8241.159663 0.008774
535 26.750337 0.025380 -0.462532 0.025380 -2.556927 8241.159663 0.008774
536 26.749813 0.025330 -0.502850 0.025330 -2.597245 8241.159663 0.008774
537 26.749288 0.025363 -0.543261 0.025363 -2.637656 8241.159663 0.008774
538 26.748763 0.025479 -0.583634 0.025479 -2.678029 8241.159663 0.008774
539 26.748237 0.025679 -0.623839 0.025679 -2.718234 8241.159663 0.008774
540 26.747710 0.025962 -0.663747 0.025962 -2.758142 8241.159663 0.008774
541 26.747183 0.026331 -0.703237 0.026331 -2.797633 8241.159663 0.008774
542 26.746655 0.026784 -0.742196 0.026784 -2.836591 8241.159663 0.008774
543 26.746127 0.027324 -0.780517 0.027324 -2.874912 8241.159663 0.008774
544 26.745597 0.027949 -0.818108 0.027949 -2.912504 8241.159663 0.008774
545 26.745068 0.028661 -0.854887 0.028661 -2.949282 8241.159663 0.008774
546 26.744537 0.029461 -0.890783 0.029461 -2.985178 8241.159663 0.008774
547 26.744006 0.030348 -0.925739 0.030348 -3.020135 8241.159663 0.008774
548 26.743473 0.031323 -0.959711 0.031323 -3.054106 8241.159663 0.008774
549 26.742941 0.032388 -0.992663 0.032388 -3.087058 8241.159663 0.008774
550 26.742407 0.033542 -1.024574 0.033542 -3.118969 8241.159663 0.008774
551 26.741873 0.034786 -1.055430 0.034786 3.133361 8241.159663 0.008774
552 26.741338 0.036121 -1.085226 0.036121 3.103564 8241.159663 0.008774
553 26.740803 0.037547 -1.113968 0.037547 3.074822 8241.159663 0.008774
554 26.740266 0.039064 -1.141664 0.039064 3.047126 8241.159663 0.008774
555 26.739729 0.040675 -1.168331 0.040675 3.020459 8241.159663 0.008774
556 26.739191 0.042378 -1.193990 0.042378 2.994800 8241.159663 0.008774
557 26.738653 0.044174 -1.218664 0.044174 2.970126 8241.159663 0.008774
558 26.738113 0.046065 -1.242382 0.046065 2.946408 8241.159663 0.008774
559 26.737573 0.048051 -1.265173 0.048051 2.923618 8241.159663 0.008774
560 26.737032 0.050132 -1.287067 0.050132 2.901723 8241.159663 0.008774
561 26.736491 0.052310 -1.308098 0.052310 2.880692 8241.159663 0.008774
562 26.735948 0.054584 -1.328298 0.054584 2.860492 8241.159663 0.008774
563 26.735405 0.056955 -1.347699 0.056955 2.841091 8241.159663 0.008774
564 26.734861 0.059425 -1.366336 0.059425 2.822455 8241.159663 0.008774
565 26.734317 0.061993 -1.384239 0.061993 2.804552 8241.159663 0.008774
566 26.733771 0.064661 -1.401440 0.064661 2.787350 8241.159663 0.008774
567 26.733225 0.067429 -1.417972 0.067429 2.770818 8241.159663 0.008774
568 26.732678 0.070297 -1.433863 0.070297 2.754927 8241.159663 0.008774
569 26.732130 0.073267 -1.449143 0.073267 2.739647 8241.159663 0.008774
570 26.731581 0.076340 -1.463839 0.076340 2.724951 8241.159663 0.008774
571 26.731032 0.079515 -1.477979 0.079515 2.710811 8241.159663 0.008774
572 26.730482 0.082794 -1.491589 0.082794 2.697201 8241.159663 0.008774
573 26.729931 0.086177 -1.504692 0.086177 2.684098 8241.159663 0.008774
574 26.729379 0.089665 -1.517313 0.089665 2.671477 8241.159663 0.008774
575 26.728826 0.093259 -1.529474 0.093259 2.659316 8241.159663 0.008774
576 26.728272 0.096960 -1.541196 0.096960 2.647594 8241.159663 0.008774
577 26.727718 0.100768 -1.552501 0.100768 2.636290 8241.159663 0.008774
578 26.727162 0.104685 -1.563406 0.104685 2.625385 8241.159663 0.008774
579 26.726606 0.108710 -1.573930 0.108710 2.614860 8241.159663 0.008774
580 26.726049 0.112845 -1.584092 0.112845 2.604698 8241.159663 0.008774
581 26.725491 0.117091 -1.593907 0.117091 2.594883 8241.159663 0.008774
582 26.724932 0.121448 -1.603391 0.121448 2.585399 8241.159663 0.008774
583 26.724373 0.125917 -1.612559 0.125917 2.576231 8241.159663 0.008774
584 26.723812 0.130499 -1.621426 0.130499 2.567364 8241.159663 0.008774
585 26.723251 0.135195 -1.630004 0.135195 2.558786 8241.159663 0.008774
586 26.722688 0.140006 -1.638307 0.140006 2.550484 8241.159663 0.008774
587 26.722125 0.144933 -1.646346 0.144933 2.542445 8241.159663 0.008774
588 26.721561 0.149976 -1.654132 0.149976 2.534658 8241.159663 0.008774
589 26.720995 0.155136 -1.661678 0.155136 2.527113 8241.159663 0.008774
590 26.720429 0.160415 -1.668992 0.160415 2.519798 8241.159663 0.008774
591 26.719862 0.165813 -1.676085 0.165813 2.512705 8241.159663 0.008774
592 26.719294 0.171331 -1.682966 0.171331 2.505824 8241.159663 0.008774
593 26.718726 0.176970 -1.689644 0.176970 2.499146 8241.159663 0.008774
594 26.718156 0.182731 -1.696127 0.182731 2.492663 8241.159663 0.008774
595 26.717585 0.188616 -1.702424 0.188616 2.486366 8241.159663 0.008774
596 26.717013 0.194624 -1.708541 0.194624 2.480250 8241.159663 0.008774
597 26.716440 0.200757 -1.714485 0.200757 2.474305 8241.159663 0.008774
598 26.715867 0.207016 -1.720265 0.207016 2.468525 8241.159663 0.008774
599 26.715292 0.213402 -1.725885 0.213402 2.462905 8241.159663 0.008774
600 26.714716 0.219916 -1.731353 0.219916 2.457437 8241.159663 0.008774
601 26.714139 0.226559 -1.736674 0.226559 2.452116 8241.159663 0.008774
602 26.713562 0.233332 -1.741854 0.233332 2.446936 8241.159663 0.008774
603 26.712983 0.240236 -1.746898 0.240236 2.441892 8241.159663 0.008774
604 26.712403 0.247272 -1.751811 0.247272 2.436979 8241.159663 0.008774
605 26.711822 0.254442 -1.756598 0.254442 2.432192 8241.159663 0.008774
606 26.711240 0.261746 -1.761264 0.261746 2.427526 8241.159663 0.008774
607 26.710657 0.269186 -1.765813 0.269186 2.422977 8241.159663 0.008774
608 26.710073 0.276763 -1.770250 0.276763 2.418541 8241.159663 0.008774
609 26.709488 0.284477 -1.774577 0.284477 2.414213 8241.159663 0.008774
610 26.708902 0.292330 -1.778800 0.292330 2.409991 8241.159663 0.008774
611 26.708315 0.300324 -1.782921 0.300324 2.405869 8241.159663 0.008774
612 26.707726 0.308459 -1.786945 0.308459 2.401845 8241.159663 0.008774
613 26.707137 0.316737 -1.790874 0.316737 2.397916 8241.159663 0.008774
614 26.706546 0.325158 -1.794712 0.325158 2.394078 8241.159663 0.008774
615 26.705954 0.333725 -1.798463 0.333725 2.390328 8241.159663 0.008774
616 26.705362 0.342438 -1.802128 0.342438 2.386663 8241.159663 0.008774
617 26.704768 0.351299 -1.805710 0.351299 2.383080 8241.159663 0.008774
618 26.704172 0.360308 -1.809213 0.360308 2.379577 8241.159663 0.008774
619 26.703576 0.369469 -1.812639 0.369469 2.376151 8241.159663 0.008774
620 26.702979 0.378780 -1.815991 0.378780 2.372800 8241.159663 0.008774
621 26.702380 0.388245 -1.819270 0.388245 2.369520 8241.159663 0.008774
622 26.701780 0.397864 -1.822479 0.397864 2.366311 8241.159663 0.008774
623 26.701179 0.407640 -1.825621 0.407640 2.363170 8241.159663 0.008774
624 26.700577 0.417572 -1.828696 0.417572 2.360094 8241.159663 0.008774
625 26.699973 0.427663 -1.831709 0.427663 2.357081 8241.159663 0.008774
626 26.699368 0.437914 -1.834659 0.437914 2.354131 8241.159663 0.008774
627 26.698762 0.448327 -1.837550 0.448327 2.351240 8241.159663 0.008774
628 26.698155 0.458903 -1.840383 0.458903 2.348407 8241.159663 0.008774
629 26.697547 0.469644 -1.843159 0.469644 2.345631 8241.159663 0.008774
630 26.696937 0.480551 -1.845881 0.480551 2.342909 8241.159663 0.008774
631 26.696326 0.491625 -1.848549 0.491625 2.340241 8241.159663 0.008774
632 26.695714 0.502869 -1.851167 0.502869 2.337624 8241.159663 0.008774
633 26.695100 0.514285 -1.853734 0.514285 2.335057 8241.159663 0.008774
634 26.694485 0.525872 -1.856252 0.525872 2.332538 8241.159663 0.008774
635 26.693869 0.537635 -1.858723 0.537635 2.330067 8241.159663 0.008774
636 26.693251 0.549573 -1.861148 0.549573 2.327642 8241.159663 0.008774
637 26.692632 0.561689 -1.863529 0.561689 2.325261 8241.159663 0.008774
638 26.692011 0.573985 -1.865866 0.573985 2.322924 8241.159663 0.008774
639 26.691390 0.586462 -1.868161 0.586462 2.320629 8241.159663 0.008774
640 26.690766 0.599122 -1.870415 0.599122 2.318376 8241.159663 0.008774
641 26.690142 0.611967 -1.872628 0.611967 2.316162 8241.159663 0.008774
642 26.689516 0.624998 -1.874803 0.624998 2.313987 8241.159663 0.008774
643 26.688888 0.638219 -1.876940 0.638219 2.311850 8241.159663 0.008774
644 26.688260 0.651630 -1.879040 0.651630 2.309750 8241.159663 0.008774
645 26.687629 0.665233 -1.881104 0.665233 2.307686 8241.159663 0.008774
646 26.686997 0.679032 -1.883133 0.679032 2.305657 8241.159663 0.008774
647 26.686364 0.693026 -1.885128 0.693026 2.303663 8241.159663 0.008774
648 26.685729 0.707219 -1.887089 0.707219 2.301701 8241.159663 0.008774
649 26.685093 0.721613 -1.889018 0.721613 2.299772 8241.159663 0.008774
650 26.684455 0.736210 -1.890916 0.736210 2.297875 8241.159663 0.008774
651 26.683816 0.751012 -1.892782 0.751012 2.296008 8241.159663 0.008774
652 26.683175 0.766021 -1.894619 0.766021 2.294171 8241.159663 0.008774
653 26.682532 0.781239 -1.896426 0.781239 2.292364 8241.159663 0.008774
654 26.681888 0.796668 -1.898205 0.796668 2.290586 8241.159663 0.008774
655 26.681243 0.812312 -1.899955 0.812312 2.288835 8241.159663 0.008774
656 26.680595 0.828171 -1.901679 0.828171 2.287111 8241.159663 0.008774
657 26.679946 0.844249 -1.903376 0.844249 2.285415 8241.159663 0.008774
658 26.679296 0.860549 -1.905046 0.860549 2.283744 8241.159663 0.008774
659 26.678643 0.877071 -1.906692 0.877071 2.282098 8241.159663 0.008774
660 26.677989 0.893820 -1.908313 0.893820 2.280478 8241.159663 0.008774
661 26.677334 0.910796 -1.909909 0.910796 2.278881 8241.159663 0.008774
662 26.676676 0.928004 -1.911482 0.928004 2.277308 8241.159663 0.008774
663 26.676017 0.945446 -1.913032 0.945446 2.275758 8241.159663 0.008774
664 26.675356 0.963123 -1.914559 0.963123 2.274231 8241.159663 0.008774
665 26.674694 0.981040 -1.916064 0.981040 2.272726 8241.159663 0.008774
666 26.674029 0.999198 -1.917547 0.999198 2.271243 8241.159663 0.008774
667 26.673363 1.017601 -1.919010 1.017601 2.269780 8241.159663 0.008774
668 26.672695 1.036251 -1.920452 1.036251 2.268339 8241.159663 0.008774
669 26.672025 1.055152 -1.921873 1.055152 2.266917 8241.159663 0.008774
670 26.671353 1.074306 -1.923275 1.074306 2.265515 8241.159663 0.008774
671 26.670680 1.093716 -1.924658 1.093716 2.264133 8241.159663 0.008774
672 26.670004 1.113385 -1.926021 1.113385 2.262769 8241.159663 0.008774
673 26.669327 1.133317 -1.927367 1.133317 2.261424 8241.159663 0.008774
674 26.668647 1.153514 -1.928694 1.153514 2.260097 8241.159663 0.008774
675 26.667966 1.173980 -1.930003 1.173980 2.258787 8241.159663 0.008774
676 26.667283 1.194718 -1.931295 1.194718 2.257495 8241.159663 0.008774
677 26.666597 1.215732 -1.932570 1.215732 2.256220 8241.159663 0.008774
678 26.665910 1.237025 -1.933829 1.237025 2.254962 8241.159663 0.008774
679 26.665220 1.258600 -1.935071 1.258600 2.253719 8241.159663 0.008774
680 26.664529 1.280461 -1.936297 1.280461 2.252493 8241.159663 0.008774
681 26.663835 1.302612 -1.937508 1.302612 2.251283 8241.159663 0.008774
682 26.663139 1.325055 -1.938703 1.325055 2.250087 8241.159663 0.008774
683 26.662441 1.347796 -1.939883 1.347796 2.248907 8241.159663 0.008774
684 26.661741 1.370838 -1.941049 1.370838 2.247741 8241.159663 0.008774
685 26.661039 1.394184 -1.942200 1.394184 2.246590 8241.159663 0.008774
686 26.660335 1.417839 -1.943338 1.417839 2.245453 8241.159663 0.008774
687 26.659628 1.441806 -1.944461 1.441806 2.244329 8241.159663 0.008774
688 26.658919 1.466091 -1.945571 1.466091 2.243220 8241.159663 0.008774
689 26.658208 1.490697 -1.946667 1.490697 2.242123 8241.159663 0.008774
690 26.657494 1.515628 -1.947751 1.515628 2.241039 8241.159663 0.008774
691 26.656778 1.540888 -1.948821 1.540888 2.239969 8241.159663 0.008774
692 26.656060 1.566483 -1.949880 1.566483 2.238911 8241.159663 0.008774
693 26.655339 1.592417 -1.950926 1.592417 2.237865 8241.159663 0.008774
694 26.654616 1.618695 -1.951960 1.618695 2.236831 8241.159663 0.008774
695 26.653890 1.645320 -1.952982 1.645320 2.235809 8241.159663 0.008774
696 26.653162 1.672299 -1.953992 1.672299 2.234798 8241.159663 0.008774
697 26.652431 1.699636 -1.954991 1.699636 2.233799 8241.159663 0.008774
698 26.651698 1.727336 -1.955979 1.727336 2.232811 8241.159663 0.008774
699 26.650962 1.755404 -1.956956 1.755404 2.231834 8241.159663 0.008774
700 26.650223 1.783846 -1.957922 1.783846 2.230868 8241.159663 0.008774
701 26.649482 1.812667 -1.958878 1.812667 2.229912 8241.159663 0.008774
702 26.648738 1.841872 -1.959824 1.841872 2.228967 8241.159663 0.008774
703 26.647992 1.871468 -1.960759 1.871468 2.228031 8241.159663 0.008774
704 26.647243 1.901459 -1.961684 1.901459 2.227106 8241.159663 0.008774
705 26.646490 1.931852 -1.962599 1.931852 2.226191 8241.159663 0.008774
706 26.645736 1.962653 -1.963505 1.962653 2.225285 8241.159663 0.008774
707 26.644978 1.993868 -1.964402 1.993868 2.224389 8241.159663 0.008774
708 26.644217 2.025503 -1.965289 2.025503 2.223501 8241.159663 0.008774
709 26.643453 2.057565 -1.966167 2.057565 2.222623 8241.159663 0.008774
710 26.642687 2.090060 -1.967036 2.090060 2.221754 8241.159663 0.008774
711 26.641917 2.122995 -1.967896 2.122995 2.220894 8241.159663 0.008774
712 26.641144 2.156377 -1.968748 2.156377 2.220042 8241.159663 0.008774
713 26.640369 2.190213 -1.969591 2.190213 2.219199 8241.159663 0.008774
714 26.639590 2.224510 -1.970426 2.224510 2.218364 8241.159663 0.008774
715 26.638807 2.259275 -1.971253 2.259275 2.217537 8241.159663 0.008774
716 26.638022 2.294516 -1.972072 2.294516 2.216718 8241.159663 0.008774
717 26.637233 2.330241 -1.972883 2.330241 2.215907 8241.159663 0.008774
718 26.636441 2.366458 -1.973686 2.366458 2.215104 8241.159663 0.008774
719 26.635646 2.403175 -1.974482 2.403175 2.214308 8241.159663 0.008774
720 26.634847 2.440400 -1.975270 2.440400 2.213520 8241.159663 0.008774
721 26.634045 2.478142 -1.976051 2.478142 2.212740 8241.159663 0.008774
722 26.633239 2.516409 -1.976824 2.516409 2.211966 8241.159663 0.008774
723 26.632430 2.555210 -1.977591 2.555210 2.211199 8241.159663 0.008774
724 26.631617 2.594555 -1.978350 2.594555 2.210440 8241.159663 0.008774
725 26.630800 2.634453 -1.979103 2.634453 2.209687 8241.159663 0.008774
726 26.629979 2.674914 -1.979849 2.674914 2.208941 8241.159663 0.008774
727 26.629155 2.715948 -1.980588 2.715948 2.208202 8241.159663 0.008774
728 26.628327 2.757564 -1.981321 2.757564 2.207469 8241.159663 0.008774
729 26.627495 2.799773 -1.982048 2.799773 2.206742 8241.159663 0.008774
730 26.626659 2.842587 -1.982768 2.842587 2.206022 8241.159663 0.008774
731 26.625819 2.886015 -1.983482 2.886015 2.205308 8241.159663 0.008774
732 26.624975 2.930070 -1.984191 2.930070 2.204600 8241.159663 0.008774
733 26.624127 2.974763 -1.984893 2.974763 2.203898 8241.159663 0.008774
734 26.623274 3.020105 -1.985589 3.020105 2.203201 8241.159663 0.008774
735 26.622417 3.066110 -1.986280 3.066110 2.202511 8241.159663 0.008774
736 26.621556 3.112790 -1.986965 3.112790 2.201826 8241.159663 0.008774
737 26.620691 3.160157 -1.987644 3.160157 2.201146 8241.159663 0.008774
738 26.619821 3.208226 -1.988318 3.208226 2.200472 8241.159663 0.008774
739 26.618946 3.257009 -1.988987 3.257009 2.199803 8241.159663 0.008774
740 26.618066 3.306521 -1.989650 3.306521 2.199140 8241.159663 0.008774
741 26.617182 3.356777 -1.990309 3.356777 2.198482 8241.159663 0.008774
742 26.616293 3.407792 -1.990962 3.407792 2.197828 8241.159663 0.008774
743 26.615399 3.459581 -1.991610 3.459581 2.197180 8241.159663 0.008774
744 26.614500 3.512159 -1.992254 3.512159 2.196537 8241.159663 0.008774
745 26.613596 3.565544 -1.992892 3.565544 2.195898 8241.159663 0.008774
746 26.612687 3.619752 -1.993526 3.619752 2.195264 8241.159663 0.008774
747 26.611773 3.674801 -1.994156 3.674801 2.194635 8241.159663 0.008774
748 26.610853 3.730708 -1.994780 3.730708 2.194010 8241.159663 0.008774
749 26.609928 3.787492 -1.995401 3.787492 2.193390 8241.159663 0.008774
750 26.608997 3.845173 -1.996017 3.845173 2.192774 8241.159663 0.008774
751 26.608060 3.903770 -1.996628 3.903770 2.192162 8241.159663 0.008774
752 26.607118 3.963303 -1.997236 3.963303 2.191554 8241.159663 0.008774
753 26.606170 4.023794 -1.997839 4.023794 2.190951 8241.159663 0.008774
754 26.605216 4.085264 -1.998439 4.085264 2.190352 8241.159663 0.008774
755 26.604255 4.147735 -1.999034 4.147735 2.189756 8241.159663 0.008774
756 26.603289 4.211232 -1.999625 4.211232 2.189165 8241.159663 0.008774
757 26.602316 4.275779 -2.000213 4.275779 2.188577 8241.159663 0.008774
758 26.601336 4.341399 -2.000797 4.341399 2.187993 8241.159663 0.008774
759 26.600350 4.408119 -2.001377 4.408119 2.187413 8241.159663 0.008774
760 26.599357 4.475966 -2.001954 4.475966 2.186836 8241.159663 0.008774
761 26.598357 4.544968 -2.002527 4.544968 2.186263 8241.159663 0.008774
762 26.597350 4.615152 -2.003097 4.615152 2.185693 8241.159663 0.008774
763 26.596336 4.686550 -2.003663 4.686550 2.185127 8241.159663 0.008774
764 26.595315 4.759191 -2.004227 4.759191 2.184564 8241.159663 0.008774
765 26.594286 4.833108 -2.004787 4.833108 2.184004 8241.159663 0.008774
766 26.593249 4.908335 -2.005343 4.908335 2.183447 8241.159663 0.008774
767 26.592204 4.984905 -2.005897 4.984905 2.182893 8241.159663 0.008774
768 26.591151 5.062855 -2.006448 5.062855 2.182342 8241.159663 0.008774
769 26.590091 5.142222 -2.006996 5.142222 2.181795 8241.159663 0.008774
770 26.589021 5.223045 -2.007541 5.223045 2.181250 8241.159663 0.008774
771 26.587943 5.305365 -2.008083 5.305365 2.180707 8241.159663 0.008774
772 26.586856 5.389223 -2.008622 5.389223 2.180168 8241.159663 0.008774
773 26.585760 5.474664 -2.009159 5.474664 2.179631 8241.159663 0.008774
774 26.584655 5.561733 -2.009694 5.561733 2.179097 8241.159663 0.008774
775 26.583540 5.650478 -2.010225 5.650478 2.178565 8241.159663 0.008774
776 26.582416 5.740949 -2.010755 5.740949 2.178035 8241.159663 0.008774
777 26.581281 5.833198 -2.011282 5.833198 2.177508 8241.159663 0.008774
778 26.580137 5.927280 -2.011807 5.927280 2.176983 8241.159663 0.008774
779 26.578981 6.023251 -2.012329 6.023251 2.176461 8241.159663 0.008774
780 26.577815 6.121171 -2.012850 6.121171 2.175940 8241.159663 0.008774
781 26.576638 6.221101 -2.013368 6.221101 2.175422 8241.159663 0.008774
782 26.575449 6.323109 -2.013885 6.323109 2.174905 8241.159663 0.008774
783 26.574249 6.427261 -2.014400 6.427261 2.174391 8241.159663 0.008774
784 26.573036 6.533629 -2.014913 6.533629 2.173878 8241.159663 0.008774
785 26.571811 6.642290 -2.015424 6.642290 2.173366 8241.159663 0.008774
786 26.570573 6.753322 -2.015933 6.753322 2.172857 8241.159663 0.008774
787 26.569322 6.866809 -2.016441 6.866809 2.172349 8241.159663 0.008774
788 26.568058 6.982838 -2.016948 6.982838 2.171843 8241.159663 0.008774
789 26.566779 7.101502 -2.017453 7.101502 2.171337 8241.159663 0.008774
790 26.565486 7.222898 -2.017957 7.222898 2.170834 8241.159663 0.008774
791 26.564178 7.347128 -2.018459 7.347128 2.170331 8241.159663 0.008774
792 26.562855 7.474303 -2.018961 7.474303 2.169829 8241.159663 0.008774
793 26.561515 7.604536 -2.019461 7.604536 2.169329 8241.159663 0.008774
794 26.560160 7.737948 -2.019961 7.737948 2.168829 8241.159663 0.008774
795 26.558787 7.874670 -2.020459 7.874670 2.168331 8241.159663 0.008774
796 26.557396 8.014836 -2.020957 8.014836 2.167833 8241.159663 0.008774
797 26.555987 8.158594 -2.021455 8.158594 2.167335 8241.159663 0.008774
798 26.554560 8.306095 -2.021952 8.306095 2.166838 8241.159663 0.008774
799 26.553112 8.457506 -2.022448 8.457506 2.166342 8241.159663 0.008774
800 26.551644 8.613000 -2.022944 8.613000 2.165846 8241.159663 0.008774
801 26.550155 8.772766 -2.023441 8.772766 2.165350 8241.159663 0.008774
802 26.548644 8.937001 -2.023937 8.937001 2.164854 8241.159663 0.008774
803 26.547110 9.105921 -2.024433 9.105921 2.164357 8241.159663 0.008774
804 26.545552 9.279754 -2.024929 9.279754 2.163861 8241.159663 0.008774
805 26.543969 9.458746 -2.025426 9.458746 2.163364 8241.159663 0.008774
806 26.542360 9.643162 -2.025923 9.643162 2.162867 8241.159663 0.008774
807 26.540723 9.833287 -2.026421 9.833287 2.162369 8241.159663 0.008774
808 26.539058 10.029429 -2.026920 10.029429 2.161870 8241.159663 0.008774
809 26.537363 10.231921 -2.027421 10.231921 2.161370 8241.159663 0.008774
810 26.535637 10.441124 -2.027922 10.441124 2.160868 8241.159663 0.008774
811 26.533878 10.657428 -2.028425 10.657428 2.160366 8241.159663 0.008774
812 26.532084 10.881262 -2.028929 10.881262 2.159861 8241.159663 0.008774
813 26.530254 11.113091 -2.029436 11.113091 2.159355 8241.159663 0.008774
814 26.528385 11.353423 -2.029944 11.353423 2.158846 8241.159663 0.008774
815 26.526476 11.602817 -2.030455 11.602817 2.158335 8241.159663 0.008774
816 26.524524 11.861888 -2.030969 11.861888 2.157821 8241.159663 0.008774
817 26.522526 12.131315 -2.031486 12.131315 2.157304 8241.159663 0.008774
818 26.520479 12.411847 -2.032006 12.411847 2.156784 8241.159663 0.008774
819 26.518381 12.704319 -2.032530 12.704319 2.156260 8241.159663 0.008774
820 26.516227 13.009660 -2.033058 13.009660 2.155732 8241.159663 0.008774
821 26.514015 13.328913 -2.033591 13.328913 2.155199 8241.159663 0.008774
822 26.511739 13.663247 -2.034129 13.663247 2.154661 8241.159663 0.008774
823 26.509395 14.013986 -2.034673 14.013986 2.154117 8241.159663 0.008774
824 26.506977 14.382631 -2.035223 14.382631 2.153567 8241.159663 0.008774
825 26.504479 14.770896 -2.035780 14.770896 2.153010 8241.159663 0.008774
826 26.501895 15.180751 -2.036345 15.180751 2.152445 8241.159663 0.008774
827 26.499216 15.614472 -2.036919 15.614472 2.151872 8241.159663 0.008774
828 26.496434 16.074710 -2.037502 16.074710 2.151288 8241.159663 0.008774
829 26.493537 16.564578 -2.038096 16.564578 2.150694 8241.159663 0.008774
830 26.490512 17.087761 -2.038702 17.087761 2.150088 8241.159663 0.008774
831 26.487347 17.648668 -2.039322 17.648668 2.149468 8241.159663 0.008774
832 26.484022 18.252632 -2.039958 18.252632 2.148832 8241.159663 0.008774
833 26.480516 18.906189 -2.040612 18.906189 2.148179 8241.159663 0.008774
834 26.476805 19.617462 -2.041286 19.617462 2.147504 8241.159663 0.008774
835 26.472855 20.396721 -2.041984 20.396721 2.146806 8241.159663 0.008774
836 26.468625 21.257211 -2.042711 21.257211 2.146079 8241.159663 0.008774
837 26.464063 22.216412 -2.043471 22.216412 2.145319 8241.159663 0.008774
838 26.459098 23.298059 -2.044272 23.298059 2.144518 8241.159663 0.008774
