20 26.932284 4.768014 0.989707 4.768014 -1.104688 8241.159663 0.008774
21 26.932281 4.766015 0.989694 4.766015 -1.104701 8241.159663 0.008774
22 26.932277 4.763885 0.989680 4.763885 -1.104715 8241.159663 0.008774
23 26.932272 4.761624 0.989665 4.761624 -1.104730 8241.159663 0.008774
24 26.932267 4.759229 0.989650 4.759229 -1.104746 8241.159663 0.008774
25 26.932260 4.756701 0.989633 4.756701 -1.104762 8241.159663 0.008774
26 26.932253 4.754037 0.989615 4.754037 -1.104780 8241.159663 0.008774
27 26.932244 4.751239 0.989596 4.751239 -1.104799 8241.159663 0.008774
28 26.932234 4.748305 0.989576 4.748305 -1.104819 8241.159663 0.008774
29 26.932222 4.745234 0.989555 4.745234 -1.104840 8241.159663 0.008774
30 26.932210 4.742028 0.989533 4.742028 -1.104862 8241.159663 0.008774
31 26.932195 4.738685 0.989510 4.738685 -1.104885 8241.159663 0.008774
32 26.932179 4.735206 0.989486 4.735206 -1.104909 8241.159663 0.008774
33 26.932162 4.731590 0.989461 4.731590 -1.104934 8241.159663 0.008774
34 26.932142 4.727838 0.989435 4.727838 -1.104960 8241.159663 0.008774
35 26.932121 4.723950 0.989408 4.723950 -1.104987 8241.159663 0.008774
36 26.932098 4.719927 0.989380 4.719927 -1.105016 8241.159663 0.008774
37 26.932073 4.715768 0.989350 4.715768 -1.105045 8241.159663 0.008774
38 26.932046 4.711474 0.989320 4.711474 -1.105075 8241.159663 0.008774
39 26.932017 4.707046 0.989289 4.707046 -1.105106 8241.159663 0.008774
40 26.931986 4.702484 0.989256 4.702484 -1.105139 8241.159663 0.008774
41 26.931953 4.697789 0.989223 4.697789 -1.105172 8241.159663 0.008774
42 26.931918 4.692961 0.989188 4.692961 -1.105207 8241.159663 0.008774
43 26.931880 4.688001 0.989153 4.688001 -1.105242 8241.159663 0.008774
44 26.931840 4.682910 0.989116 4.682910 -1.105279 8241.159663 0.008774
45 26.931797 4.677688 0.989079 4.677688 -1.105316 8241.159663 0.008774
46 26.931752 4.672336 0.989040 4.672336 -1.105355 8241.159663 0.008774
47 26.931705 4.666856 0.989000 4.666856 -1.105395 8241.159663 0.008774
48 26.931655 4.661247 0.988960 4.661247 -1.105435 8241.159663 0.008774
49 26.931603 4.655511 0.988918 4.655511 -1.105477 8241.159663 0.008774
50 26.931548 4.649649 0.988875 4.649649 -1.105520 8241.159663 0.008774
51 26.931491 4.643661 0.988831 4.643661 -1.105564 8241.159663 0.008774
52 26.931431 4.637549 0.988786 4.637549 -1.105609 8241.159663 0.008774
53 26.931369 4.631314 0.988741 4.631314 -1.105655 8241.159663 0.008774
54 26.931303 4.624956 0.988694 4.624956 -1.105701 8241.159663 0.008774
55 26.931236 4.618477 0.988646 4.618477 -1.105749 8241.159663 0.008774
56 26.931165 4.611878 0.988597 4.611878 -1.105798 8241.159663 0.008774
57 26.931092 4.605160 0.988547 4.605160 -1.105848 8241.159663 0.008774
58 26.931016 4.598324 0.988496 4.598324 -1.105899 8241.159663 0.008774
59 26.930938 4.591370 0.988444 4.591370 -1.105951 8241.159663 0.008774
60 26.930857 4.584302 0.988391 4.584302 -1.106004 8241.159663 0.008774
61 26.930773 4.577118 0.988337 4.577118 -1.106058 8241.159663 0.008774
62 26.930686 4.569822 0.988282 4.569822 -1.106113 8241.159663 0.008774
63 26.930597 4.562413 0.988226 4.562413 -1.106169 8241.159663 0.008774
64 26.930505 4.554894 0.988169 4.554894 -1.106226 8241.159663 0.008774
65 26.930410 4.547265 0.988111 4.547265 -1.106284 8241.159663 0.008774
66 26.930313 4.539527 0.988052 4.539527 -1.106343 8241.159663 0.008774
67 26.930213 4.531683 0.987992 4.531683 -1.106403 8241.159663 0.008774
68 26.930110 4.523732 0.987931 4.523732 -1.106464 8241.159663 0.008774
69 26.930004 4.515677 0.987869 4.515677 -1.106526 8241.159663 0.008774
70 26.929896 4.507519 0.987806 4.507519 -1.106589 8241.159663 0.008774
71 26.929785 4.499259 0.987742 4.499259 -1.106653 8241.159663 0.008774
72 26.929671 4.490899 0.987677 4.490899 -1.106718 8241.159663 0.008774
73 26.929555 4.482439 0.987611 4.482439 -1.106784 8241.159663 0.008774
74 26.929436 4.473881 0.987544 4.473881 -1.106851 8241.159663 0.008774
75 26.929314 4.465226 0.987476 4.465226 -1.106919 8241.159663 0.008774
76 26.929190 4.456476 0.987408 4.456476 -1.106988 8241.159663 0.008774
77 26.929063 4.447632 0.987338 4.447632 -1.107057 8241.159663 0.008774
78 26.928933 4.438695 0.987267 4.438695 -1.107128 8241.159663 0.008774
79 26.928801 4.429667 0.987195 4.429667 -1.107200 8241.159663 0.008774
80 26.928666 4.420549 0.987123 4.420549 -1.107272 8241.159663 0.008774
81 26.928528 4.411342 0.987049 4.411342 -1.107346 8241.159663 0.008774
82 26.928388 4.402047 0.986975 4.402047 -1.107420 8241.159663 0.008774
83 26.928245 4.392667 0.986899 4.392667 -1.107496 8241.159663 0.008774
84 26.928099 4.383201 0.986823 4.383201 -1.107572 8241.159663 0.008774
85 26.927952 4.373652 0.986746 4.373652 -1.107649 8241.159663 0.008774
86 26.927801 4.364021 0.986667 4.364021 -1.107728 8241.159663 0.008774
87 26.927648 4.354309 0.986588 4.354309 -1.107807 8241.159663 0.008774
88 26.927492 4.344517 0.986508 4.344517 -1.107887 8241.159663 0.008774
89 26.927334 4.334647 0.986427 4.334647 -1.107968 8241.159663 0.008774
90 26.927174 4.324699 0.986345 4.324699 -1.108050 8241.159663 0.008774
91 26.927011 4.314676 0.986262 4.314676 -1.108133 8241.159663 0.008774
92 26.926845 4.304578 0.986178 4.304578 -1.108217 8241.159663 0.008774
93 26.926677 4.294407 0.986093 4.294407 -1.108302 8241.159663 0.008774
94 26.926507 4.284164 0.986008 4.284164 -1.108387 8241.159663 0.008774
95 26.926334 4.273850 0.985921 4.273850 -1.108474 8241.159663 0.008774
96 26.926159 4.263466 0.985833 4.263466 -1.108562 8241.159663 0.008774
97 26.925981 4.253014 0.985745 4.253014 -1.108650 8241.159663 0.008774
98 26.925801 4.242494 0.985656 4.242494 -1.108739 8241.159663 0.008774
99 26.925619 4.231909 0.985565 4.231909 -1.108830 8241.159663 0.008774
100 26.925434 4.221258 0.985474 4.221258 -1.108921 8241.159663 0.008774
101 26.925247 4.210544 0.985382 4.210544 -1.109013 8241.159663 0.008774
102 26.925058 4.199767 0.985289 4.199767 -1.109106 8241.159663 0.008774
103 26.924866 4.188929 0.985195 4.188929 -1.109200 8241.159663 0.008774
104 26.924673 4.178031 0.985100 4.178031 -1.109295 8241.159663 0.008774
105 26.924477 4.167073 0.985004 4.167073 -1.109391 8241.159663 0.008774
106 26.924278 4.156058 0.984908 4.156058 -1.109487 8241.159663 0.008774
107 26.924078 4.144985 0.984810 4.144985 -1.109585 8241.159663 0.008774
108 26.923875 4.133857 0.984712 4.133857 -1.109683 8241.159663 0.008774
109 26.923670 4.122673 0.984612 4.122673 -1.109783 8241.159663 0.008774
110 26.923463 4.111436 0.984512 4.111436 -1.109883 8241.159663 0.008774
111 26.923254 4.100147 0.984411 4.100147 -1.109984 8241.159663 0.008774
112 26.923043 4.088806 0.984309 4.088806 -1.110086 8241.159663 0.008774
113 26.922829 4.077414 0.984206 4.077414 -1.110189 8241.159663 0.008774
114 26.922614 4.065972 0.984102 4.065972 -1.110293 8241.159663 0.008774
115 26.922396 4.054482 0.983997 4.054482 -1.110398 8241.159663 0.008774
116 26.922177 4.042945 0.983891 4.042945 -1.110504 8241.159663 0.008774
117 26.921955 4.031361 0.983784 4.031361 -1.110611 8241.159663 0.008774
118 26.921731 4.019731 0.983677 4.019731 -1.110718 8241.159663 0.008774
119 26.921506 4.008057 0.983569 4.008057 -1.110827 8241.159663 0.008774
120 26.921278 3.996339 0.983459 3.996339 -1.110936 8241.159663 0.008774
121 26.921048 3.984578 0.983349 3.984578 -1.111046 8241.159663 0.008774
122 26.920816 3.972775 0.983238 3.972775 -1.111157 8241.159663 0.008774
123 26.920583 3.960932 0.983126 3.960932 -1.111269 8241.159663 0.008774
124 26.920347 3.949048 0.983013 3.949048 -1.111382 8241.159663 0.008774
125 26.920110 3.937125 0.982899 3.937125 -1.111496 8241.159663 0.008774
126 26.919871 3.925164 0.982784 3.925164 -1.111611 8241.159663 0.008774
127 26.919629 3.913166 0.982668 3.913166 -1.111727 8241.159663 0.008774
128 26.919386 3.901131 0.982552 3.901131 -1.111843 8241.159663 0.008774
129 26.919141 3.889061 0.982434 3.889061 -1.111961 8241.159663 0.008774
130 26.918895 3.876955 0.982316 3.876955 -1.112079 8241.159663 0.008774
131 26.918646 3.864816 0.982196 3.864816 -1.112199 8241.159663 0.008774
132 26.918396 3.852644 0.982076 3.852644 -1.112319 8241.159663 0.008774
133 26.918144 3.840439 0.981955 3.840439 -1.112440 8241.159663 0.008774
134 26.917890 3.828202 0.981833 3.828202 -1.112562 8241.159663 0.008774
135 26.917634 3.815935 0.981710 3.815935 -1.112685 8241.159663 0.008774
136 26.917377 3.803638 0.981586 3.803638 -1.112809 8241.159663 0.008774
137 26.917118 3.791311 0.981461 3.791311 -1.112934 8241.159663 0.008774
138 26.916857 3.778956 0.981335 3.778956 -1.113060 8241.159663 0.008774
139 26.916594 3.766573 0.981208 3.766573 -1.113187 8241.159663 0.008774
140 26.916330 3.754164 0.981081 3.754164 -1.113315 8241.159663 0.008774
141 26.916064 3.741727 0.980952 3.741727 -1.113443 8241.159663 0.008774
142 26.915797 3.729266 0.980822 3.729266 -1.113573 8241.159663 0.008774
143 26.915528 3.716779 0.980692 3.716779 -1.113703 8241.159663 0.008774
144 26.915257 3.704269 0.980560 3.704269 -1.113835 8241.159663 0.008774
145 26.914984 3.691734 0.980428 3.691734 -1.113967 8241.159663 0.008774
146 26.914710 3.679178 0.980295 3.679178 -1.114100 8241.159663 0.008774
147 26.914435 3.666598 0.980160 3.666598 -1.114235 8241.159663 0.008774
148 26.914158 3.653998 0.980025 3.653998 -1.114370 8241.159663 0.008774
149 26.913879 3.641377 0.979889 3.641377 -1.114506 8241.159663 0.008774
150 26.913599 3.628735 0.979752 3.628735 -1.114643 8241.159663 0.008774
151 26.913317 3.616074 0.979614 3.616074 -1.114781 8241.159663 0.008774
152 26.913034 3.603394 0.979475 3.603394 -1.114920 8241.159663 0.008774
153 26.912749 3.590696 0.979335 3.590696 -1.115060 8241.159663 0.008774
154 26.912463 3.577980 0.979194 3.577980 -1.115201 8241.159663 0.008774
155 26.912175 3.565247 0.979052 3.565247 -1.115343 8241.159663 0.008774
156 26.911886 3.552498 0.978909 3.552498 -1.115486 8241.159663 0.008774
157 26.911596 3.539733 0.978765 3.539733 -1.115630 8241.159663 0.008774
158 26.911304 3.526952 0.978620 3.526952 -1.115775 8241.159663 0.008774
159 26.911010 3.514157 0.978474 3.514157 -1.115921 8241.159663 0.008774
160 26.910716 3.501348 0.978327 3.501348 -1.116068 8241.159663 0.008774
161 26.910419 3.488525 0.978179 3.488525 -1.116216 8241.159663 0.008774
162 26.910122 3.475689 0.978030 3.475689 -1.116365 8241.159663 0.008774
163 26.909823 3.462840 0.977880 3.462840 -1.116515 8241.159663 0.008774
164 26.909522 3.449980 0.977730 3.449980 -1.116666 8241.159663 0.008774
165 26.909221 3.437108 0.977578 3.437108 -1.116817 8241.159663 0.008774
166 26.908918 3.424225 0.977425 3.424225 -1.116970 8241.159663 0.008774
167 26.908613 3.411332 0.977271 3.411332 -1.117124 8241.159663 0.008774
168 26.908308 3.398429 0.977116 3.398429 -1.117279 8241.159663 0.008774
169 26.908001 3.385517 0.976960 3.385517 -1.117435 8241.159663 0.008774
170 26.907692 3.372596 0.976803 3.372596 -1.117592 8241.159663 0.008774
171 26.907383 3.359666 0.976645 3.359666 -1.117750 8241.159663 0.008774
172 26.907072 3.346729 0.976486 3.346729 -1.117910 8241.159663 0.008774
173 26.906760 3.333784 0.976325 3.333784 -1.118070 8241.159663 0.008774
174 26.906447 3.320832 0.976164 3.320832 -1.118231 8241.159663 0.008774
175 26.906132 3.307874 0.976002 3.307874 -1.118393 8241.159663 0.008774
176 26.905817 3.294909 0.975839 3.294909 -1.118557 8241.159663 0.008774
177 26.905500 3.281940 0.975674 3.281940 -1.118721 8241.159663 0.008774
178 26.905181 3.268965 0.975509 3.268965 -1.118886 8241.159663 0.008774
179 26.904862 3.255985 0.975342 3.255985 -1.119053 8241.159663 0.008774
180 26.904542 3.243001 0.975174 3.243001 -1.119221 8241.159663 0.008774
181 26.904220 3.230014 0.975006 3.230014 -1.119389 8241.159663 0.008774
182 26.903897 3.217023 0.974836 3.217023 -1.119559 8241.159663 0.008774
183 26.903573 3.204029 0.974665 3.204029 -1.119730 8241.159663 0.008774
184 26.903248 3.191032 0.974493 3.191032 -1.119902 8241.159663 0.008774
185 26.902921 3.178034 0.974320 3.178034 -1.120076 8241.159663 0.008774
186 26.902594 3.165034 0.974145 3.165034 -1.120250 8241.159663 0.008774
187 26.902265 3.152032 0.973970 3.152032 -1.120425 8241.159663 0.008774
188 26.901936 3.139030 0.973793 3.139030 -1.120602 8241.159663 0.008774
189 26.901605 3.126027 0.973616 3.126027 -1.120780 8241.159663 0.008774
190 26.901273 3.113024 0.973437 3.113024 -1.120958 8241.159663 0.008774
191 26.900940 3.100022 0.973257 3.100022 -1.121138 8241.159663 0.008774
192 26.900606 3.087020 0.973076 3.087020 -1.121320 8241.159663 0.008774
193 26.900271 3.074019 0.972893 3.074019 -1.121502 8241.159663 0.008774
194 26.899935 3.061019 0.972710 3.061019 -1.121685 8241.159663 0.008774
195 26.899598 3.048021 0.972525 3.048021 -1.121870 8241.159663 0.008774
196 26.899260 3.035025 0.972339 3.035025 -1.122056 8241.159663 0.008774
197 26.898921 3.022032 0.972152 3.022032 -1.122243 8241.159663 0.008774
198 26.898581 3.009042 0.971964 3.009042 -1.122431 8241.159663 0.008774
199 26.898239 2.996055 0.971774 2.996055 -1.122621 8241.159663 0.008774
200 26.897897 2.983071 0.971584 2.983071 -1.122812 8241.159663 0.008774
201 26.897554 2.970091 0.971392 2.970091 -1.123003 8241.159663 0.008774
202 26.897210 2.957115 0.971198 2.957115 -1.123197 8241.159663 0.008774
203 26.896865 2.944144 0.971004 2.944144 -1.123391 8241.159663 0.008774
204 26.896519 2.931178 0.970808 2.931178 -1.123587 8241.159663 0.008774
205 26.896171 2.918217 0.970611 2.918217 -1.123784 8241.159663 0.008774
206 26.895823 2.905262 0.970413 2.905262 -1.123982 8241.159663 0.008774
207 26.895474 2.892312 0.970214 2.892312 -1.124181 8241.159663 0.008774
208 26.895124 2.879369 0.970013 2.879369 -1.124382 8241.159663 0.008774
209 26.894774 2.866432 0.969811 2.866432 -1.124584 8241.159663 0.008774
210 26.894422 2.853501 0.969608 2.853501 -1.124788 8241.159663 0.008774
211 26.894069 2.840578 0.969403 2.840578 -1.124992 8241.159663 0.008774
212 26.893716 2.827662 0.969197 2.827662 -1.125198 8241.159663 0.008774
213 26.893361 2.814754 0.968990 2.814754 -1.125406 8241.159663 0.008774
214 26.893006 2.801854 0.968781 2.801854 -1.125614 8241.159663 0.008774
215 26.892649 2.788962 0.968571 2.788962 -1.125824 8241.159663 0.008774
216 26.892292 2.776079 0.968360 2.776079 -1.126036 8241.159663 0.008774
217 26.891934 2.763204 0.968147 2.763204 -1.126248 8241.159663 0.008774
218 26.891575 2.750339 0.967933 2.750339 -1.126462 8241.159663 0.008774
219 26.891216 2.737483 0.967717 2.737483 -1.126678 8241.159663 0.008774
220 26.890855 2.724637 0.967500 2.724637 -1.126895 8241.159663 0.008774
221 26.890494 2.711800 0.967282 2.711800 -1.127113 8241.159663 0.008774
222 26.890131 2.698974 0.967062 2.698974 -1.127333 8241.159663 0.008774
223 26.889768 2.686158 0.966841 2.686158 -1.127554 8241.159663 0.008774
224 26.889404 2.673353 0.966619 2.673353 -1.127777 8241.159663 0.008774
225 26.889040 2.660559 0.966395 2.660559 -1.128001 8241.159663 0.008774
226 26.888674 2.647777 0.966169 2.647777 -1.128226 8241.159663 0.008774
227 26.888308 2.635005 0.965942 2.635005 -1.128453 8241.159663 0.008774
228 26.887941 2.622246 0.965714 2.622246 -1.128681 8241.159663 0.008774
229 26.887573 2.609499 0.965484 2.609499 -1.128911 8241.159663 0.008774
230 26.887204 2.596763 0.965252 2.596763 -1.129143 8241.159663 0.008774
231 26.886834 2.584041 0.965019 2.584041 -1.129376 8241.159663 0.008774
232 26.886464 2.571331 0.964785 2.571331 -1.129610 8241.159663 0.008774
233 26.886093 2.558634 0.964549 2.558634 -1.129846 8241.159663 0.008774
234 26.885721 2.545950 0.964311 2.545950 -1.130084 8241.159663 0.008774
235 26.885348 2.533280 0.964072 2.533280 -1.130323 8241.159663 0.008774
236 26.884975 2.520624 0.963831 2.520624 -1.130564 8241.159663 0.008774
237 26.884601 2.507981 0.963589 2.507981 -1.130806 8241.159663 0.008774
238 26.884226 2.495353 0.963345 2.495353 -1.131050 8241.159663 0.008774
239 26.883850 2.482739 0.963099 2.482739 -1.131296 8241.159663 0.008774
240 26.883474 2.470140 0.962852 2.470140 -1.131543 8241.159663 0.008774
241 26.883097 2.457555 0.962603 2.457555 -1.131792 8241.159663 0.008774
242 26.882719 2.444986 0.962353 2.444986 -1.132042 8241.159663 0.008774
243 26.882341 2.432432 0.962101 2.432432 -1.132295 8241.159663 0.008774
244 26.881962 2.419893 0.961847 2.419893 -1.132548 8241.159663 0.008774
245 26.881582 2.407370 0.961591 2.407370 -1.132804 8241.159663 0.008774
246 26.881201 2.394863 0.961334 2.394863 -1.133061 8241.159663 0.008774
247 26.880820 2.382372 0.961075 2.382372 -1.133320 8241.159663 0.008774
248 26.880438 2.369898 0.960814 2.369898 -1.133581 8241.159663 0.008774
249 26.880055 2.357440 0.960552 2.357440 -1.133843 8241.159663 0.008774
250 26.879671 2.344998 0.960287 2.344998 -1.134108 8241.159663 0.008774
251 26.879287 2.332574 0.960021 2.332574 -1.134374 8241.159663 0.008774
252 26.878903 2.320167 0.959753 2.320167 -1.134642 8241.159663 0.008774
253 26.878517 2.307777 0.959484 2.307777 -1.134911 8241.159663 0.008774
254 26.878131 2.295405 0.959212 2.295405 -1.135183 8241.159663 0.008774
255 26.877744 2.283051 0.958939 2.283051 -1.135456 8241.159663 0.008774
256 26.877357 2.270714 0.958663 2.270714 -1.135732 8241.159663 0.008774
257 26.876969 2.258396 0.958386 2.258396 -1.136009 8241.159663 0.008774
258 26.876580 2.246096 0.958107 2.246096 -1.136288 8241.159663 0.008774
259 26.876191 2.233814 0.957826 2.233814 -1.136569 8241.159663 0.008774
260 26.875801 2.221552 0.957543 2.221552 -1.136852 8241.159663 0.008774
261 26.875410 2.209308 0.957258 2.209308 -1.137137 8241.159663 0.008774
262 26.875019 2.197083 0.956972 2.197083 -1.137423 8241.159663 0.008774
263 26.874627 2.184877 0.956683 2.184877 -1.137712 8241.159663 0.008774
264 26.874235 2.172691 0.956392 2.172691 -1.138003 8241.159663 0.008774
265 26.873842 2.160525 0.956099 2.160525 -1.138296 8241.159663 0.008774
266 26.873448 2.148378 0.955804 2.148378 -1.138591 8241.159663 0.008774
267 26.873053 2.136251 0.955507 2.136251 -1.138888 8241.159663 0.008774
268 26.872658 2.124144 0.955208 2.124144 -1.139187 8241.159663 0.008774
269 26.872263 2.112058 0.954907 2.112058 -1.139488 8241.159663 0.008774
270 26.871867 2.099992 0.954604 2.099992 -1.139792 8241.159663 0.008774
271 26.871470 2.087947 0.954298 2.087947 -1.140097 8241.159663 0.008774
272 26.871073 2.075923 0.953990 2.075923 -1.140405 8241.159663 0.008774
273 26.870675 2.063920 0.953681 2.063920 -1.140715 8241.159663 0.008774
274 26.870276 2.051937 0.953369 2.051937 -1.141027 8241.159663 0.008774
275 26.869877 2.039977 0.953054 2.039977 -1.141341 8241.159663 0.008774
276 26.869477 2.028037 0.952738 2.028037 -1.141657 8241.159663 0.008774
277 26.869077 2.016120 0.952419 2.016120 -1.141976 8241.159663 0.008774
278 26.868676 2.004224 0.952098 2.004224 -1.142297 8241.159663 0.008774
279 26.868275 1.992350 0.951774 1.992350 -1.142621 8241.159663 0.008774
280 26.867873 1.980499 0.951449 1.980499 -1.142946 8241.159663 0.008774
281 26.867470 1.968669 0.951121 1.968669 -1.143274 8241.159663 0.008774
282 26.867067 1.956862 0.950790 1.956862 -1.143605 8241.159663 0.008774
283 26.866663 1.945078 0.950457 1.945078 -1.143938 8241.159663 0.008774
284 26.866259 1.933317 0.950122 1.933317 -1.144273 8241.159663 0.008774
285 26.865854 1.921578 0.949784 1.921578 -1.144611 8241.159663 0.008774
286 26.865449 1.909863 0.949444 1.909863 -1.144951 8241.159663 0.008774
287 26.865043 1.898170 0.949101 1.898170 -1.145294 8241.159663 0.008774
288 26.864637 1.886502 0.948755 1.886502 -1.145640 8241.159663 0.008774
289 26.864230 1.874856 0.948408 1.874856 -1.145988 8241.159663 0.008774
290 26.863822 1.863235 0.948057 1.863235 -1.146338 8241.159663 0.008774
291 26.863414 1.851637 0.947704 1.851637 -1.146691 8241.159663 0.008774
292 26.863006 1.840063 0.947348 1.840063 -1.147047 8241.159663 0.008774
293 26.862597 1.828514 0.946990 1.828514 -1.147406 8241.159663 0.008774
294 26.862187 1.816988 0.946628 1.816988 -1.147767 8241.159663 0.008774
295 26.861777 1.805487 0.946264 1.805487 -1.148131 8241.159663 0.008774
296 26.861366 1.794011 0.945898 1.794011 -1.148497 8241.159663 0.008774
297 26.860955 1.782559 0.945528 1.782559 -1.148867 8241.159663 0.008774
298 26.860543 1.771133 0.945156 1.771133 -1.149239 8241.159663 0.008774
299 26.860131 1.759731 0.944781 1.759731 -1.149614 8241.159663 0.008774
300 26.859718 1.748354 0.944403 1.748354 -1.149992 8241.159663 0.008774
301 26.859305 1.737003 0.944022 1.737003 -1.150373 8241.159663 0.008774
302 26.858892 1.725677 0.943638 1.725677 -1.150757 8241.159663 0.008774
303 26.858477 1.714376 0.943251 1.714376 -1.151144 8241.159663 0.008774
304 26.858063 1.703102 0.942861 1.703102 -1.151534 8241.159663 0.008774
305 26.857647 1.691853 0.942468 1.691853 -1.151927 8241.159663 0.008774
306 26.857232 1.680630 0.942072 1.680630 -1.152323 8241.159663 0.008774
307 26.856815 1.669433 0.941673 1.669433 -1.152722 8241.159663 0.008774
308 26.856399 1.658262 0.941271 1.658262 -1.153124 8241.159663 0.008774
309 26.855982 1.647118 0.940866 1.647118 -1.153530 8241.159663 0.008774
310 26.855564 1.636000 0.940457 1.636000 -1.153938 8241.159663 0.008774
311 26.855146 1.624909 0.940045 1.624909 -1.154350 8241.159663 0.008774
312 26.854727 1.613845 0.939630 1.613845 -1.154765 8241.159663 0.008774
313 26.854308 1.602807 0.939211 1.602807 -1.155184 8241.159663 0.008774
314 26.853888 1.591797 0.938789 1.591797 -1.155606 8241.159663 0.008774
315 26.853468 1.580813 0.938364 1.580813 -1.156031 8241.159663 0.008774
316 26.853048 1.569857 0.937935 1.569857 -1.156460 8241.159663 0.008774
317 26.852627 1.558929 0.937503 1.558929 -1.156892 8241.159663 0.008774
318 26.852205 1.548028 0.937067 1.548028 -1.157328 8241.159663 0.008774
319 26.851783 1.537154 0.936628 1.537154 -1.157767 8241.159663 0.008774
320 26.851361 1.526309 0.936185 1.526309 -1.158210 8241.159663 0.008774
321 26.850938 1.515491 0.935738 1.515491 -1.158657 8241.159663 0.008774
322 26.850514 1.504702 0.935288 1.504702 -1.159107 8241.159663 0.008774
323 26.850090 1.493940 0.934834 1.493940 -1.159561 8241.159663 0.008774
324 26.849666 1.483207 0.934376 1.483207 -1.160019 8241.159663 0.008774
325 26.849241 1.472502 0.933914 1.472502 -1.160481 8241.159663 0.008774
326 26.848816 1.461826 0.933448 1.461826 -1.160947 8241.159663 0.008774
327 26.848390 1.451179 0.932979 1.451179 -1.161416 8241.159663 0.008774
328 26.847964 1.440560 0.932505 1.440560 -1.161890 8241.159663 0.008774
329 26.847538 1.429970 0.932028 1.429970 -1.162367 8241.159663 0.008774
330 26.847111 1.419409 0.931546 1.419409 -1.162849 8241.159663 0.008774
331 26.846683 1.408878 0.931060 1.408878 -1.163335 8241.159663 0.008774
332 26.846255 1.398375 0.930571 1.398375 -1.163825 8241.159663 0.008774
333 26.845827 1.387903 0.930076 1.387903 -1.164319 8241.159663 0.008774
334 26.845398 1.377459 0.929578 1.377459 -1.164817 8241.159663 0.008774
335 26.844969 1.367045 0.929075 1.367045 -1.165320 8241.159663 0.008774
336 26.844539 1.356661 0.928568 1.356661 -1.165827 8241.159663 0.008774
337 26.844109 1.346307 0.928056 1.346307 -1.166339 8241.159663 0.008774
338 26.843678 1.335983 0.927540 1.335983 -1.166855 8241.159663 0.008774
339 26.843247 1.325689 0.927019 1.325689 -1.167376 8241.159663 0.008774
340 26.842815 1.315426 0.926494 1.315426 -1.167901 8241.159663 0.008774
341 26.842383 1.305192 0.925964 1.305192 -1.168431 8241.159663 0.008774
342 26.841951 1.294990 0.925429 1.294990 -1.168966 8241.159663 0.008774
343 26.841518 1.284817 0.924889 1.284817 -1.169506 8241.159663 0.008774
344 26.841085 1.274676 0.924345 1.274676 -1.170050 8241.159663 0.008774
345 26.840651 1.264565 0.923795 1.264565 -1.170600 8241.159663 0.008774
346 26.840217 1.254485 0.923241 1.254485 -1.171154 8241.159663 0.008774
347 26.839783 1.244437 0.922681 1.244437 -1.171714 8241.159663 0.008774
348 26.839348 1.234419 0.922117 1.234419 -1.172278 8241.159663 0.008774
349 26.838912 1.224433 0.921547 1.224433 -1.172848 8241.159663 0.008774
350 26.838476 1.214478 0.920972 1.214478 -1.173424 8241.159663 0.008774
351 26.838040 1.204555 0.920391 1.204555 -1.174004 8241.159663 0.008774
352 26.837603 1.194664 0.919805 1.194664 -1.174590 8241.159663 0.008774
353 26.837166 1.184804 0.919213 1.184804 -1.175182 8241.159663 0.008774
354 26.836729 1.174976 0.918616 1.174976 -1.175779 8241.159663 0.008774
355 26.836291 1.165180 0.918014 1.165180 -1.176381 8241.159663 0.008774
356 26.835852 1.155416 0.917405 1.155416 -1.176990 8241.159663 0.008774
357 26.835414 1.145685 0.916791 1.145685 -1.177604 8241.159663 0.008774
358 26.834974 1.135985 0.916171 1.135985 -1.178224 8241.159663 0.008774
359 26.834535 1.126319 0.915544 1.126319 -1.178851 8241.159663 0.008774
360 26.834095 1.116684 0.914912 1.116684 -1.179483 8241.159663 0.008774
361 26.833654 1.107083 0.914274 1.107083 -1.180121 8241.159663 0.008774
362 26.833213 1.097514 0.913629 1.097514 -1.180766 8241.159663 0.008774
363 26.832772 1.087978 0.912978 1.087978 -1.181417 8241.159663 0.008774
364 26.832330 1.078476 0.912320 1.078476 -1.182075 8241.159663 0.008774
365 26.831888 1.069006 0.911656 1.069006 -1.182739 8241.159663 0.008774
366 26.831445 1.059570 0.910986 1.059570 -1.183409 8241.159663 0.008774
367 26.831002 1.050167 0.910308 1.050167 -1.184087 8241.159663 0.008774
368 26.830559 1.040798 0.909624 1.040798 -1.184771 8241.159663 0.008774
369 26.830115 1.031462 0.908933 1.031462 -1.185462 8241.159663 0.008774
370 26.829671 1.022160 0.908235 1.022160 -1.186160 8241.159663 0.008774
371 26.829226 1.012891 0.907530 1.012891 -1.186865 8241.159663 0.008774
372 26.828781 1.003657 0.906817 1.003657 -1.187578 8241.159663 0.008774
373 26.828336 0.994457 0.906097 0.994457 -1.188298 8241.159663 0.008774
374 26.827890 0.985291 0.905370 0.985291 -1.189025 8241.159663 0.008774
375 26.827443 0.976159 0.904635 0.976159 -1.189760 8241.159663 0.008774
376 26.826997 0.967062 0.903892 0.967062 -1.190503 8241.159663 0.008774
377 26.826550 0.957999 0.903142 0.957999 -1.191253 8241.159663 0.008774
378 26.826102 0.948971 0.902383 0.948971 -1.192012 8241.159663 0.008774
379 26.825654 0.939977 0.901617 0.939977 -1.192778 8241.159663 0.008774
380 26.825206 0.931019 0.900842 0.931019 -1.193553 8241.159663 0.008774
381 26.824757 0.922095 0.900059 0.922095 -1.194336 8241.159663 0.008774
382 26.824308 0.913207 0.899268 0.913207 -1.195127 8241.159663 0.008774
383 26.823858 0.904354 0.898468 0.904354 -1.195927 8241.159663 0.008774
384 26.823408 0.895536 0.897659 0.895536 -1.196736 8241.159663 0.008774
385 26.822958 0.886753 0.896841 0.886753 -1.197554 8241.159663 0.008774
386 26.822507 0.878007 0.896014 0.878007 -1.198381 8241.159663 0.008774
387 26.822055 0.869295 0.895179 0.869295 -1.199217 8241.159663 0.008774
388 26.821604 0.860620 0.894333 0.860620 -1.200062 8241.159663 0.008774
389 26.821152 0.851981 0.893479 0.851981 -1.200917 8241.159663 0.008774
390 26.820699 0.843377 0.892614 0.843377 -1.201781 8241.159663 0.008774
391 26.820246 0.834810 0.891740 0.834810 -1.202655 8241.159663 0.008774
392 26.819793 0.826279 0.890856 0.826279 -1.203539 8241.159663 0.008774
393 26.819339 0.817784 0.889961 0.817784 -1.204434 8241.159663 0.008774
394 26.818885 0.809326 0.889057 0.809326 -1.205338 8241.159663 0.008774
395 26.818431 0.800905 0.888142 0.800905 -1.206253 8241.159663 0.008774
396 26.817976 0.792520 0.887216 0.792520 -1.207179 8241.159663 0.008774
397 26.817520 0.784172 0.886279 0.784172 -1.208116 8241.159663 0.008774
398 26.817065 0.775861 0.885332 0.775861 -1.209064 8241.159663 0.008774
399 26.816608 0.767588 0.884373 0.767588 -1.210023 8241.159663 0.008774
400 26.816152 0.759351 0.883402 0.759351 -1.210993 8241.159663 0.008774
401 26.815695 0.751152 0.882420 0.751152 -1.211975 8241.159663 0.008774
402 26.815237 0.742990 0.881426 0.742990 -1.212969 8241.159663 0.008774
403 26.814779 0.734866 0.880420 0.734866 -1.213975 8241.159663 0.008774
404 26.814321 0.726780 0.879402 0.726780 -1.214993 8241.159663 0.008774
405 26.813863 0.718731 0.878371 0.718731 -1.216024 8241.159663 0.008774
406 26.813404 0.710720 0.877327 0.710720 -1.217068 8241.159663 0.008774
407 26.812944 0.702748 0.876271 0.702748 -1.218124 8241.159663 0.008774
408 26.812484 0.694813 0.875201 0.694813 -1.219194 8241.159663 0.008774
409 26.812024 0.686917 0.874118 0.686917 -1.220277 8241.159663 0.008774
410 26.811563 0.679059 0.873021 0.679059 -1.221374 8241.159663 0.008774
411 26.811102 0.671240 0.871910 0.671240 -1.222485 8241.159663 0.008774
412 26.810640 0.663460 0.870784 0.663460 -1.223611 8241.159663 0.008774
413 26.810178 0.655718 0.869645 0.655718 -1.224751 8241.159663 0.008774
414 26.809716 0.648016 0.868490 0.648016 -1.225905 8241.159663 0.008774
415 26.809253 0.640352 0.867320 0.640352 -1.227075 8241.159663 0.008774
416 26.808790 0.632728 0.866135 0.632728 -1.228260 8241.159663 0.008774
417 26.808326 0.625142 0.864934 0.625142 -1.229461 8241.159663 0.008774
418 26.807862 0.617597 0.863717 0.617597 -1.230678 8241.159663 0.008774
419 26.807398 0.610091 0.862484 0.610091 -1.231911 8241.159663 0.008774
420 26.806933 0.602624 0.861234 0.602624 -1.233161 8241.159663 0.008774
421 26.806468 0.595197 0.859967 0.595197 -1.234428 8241.159663 0.008774
422 26.806002 0.587811 0.858683 0.587811 -1.235712 8241.159663 0.008774
423 26.805536 0.580464 0.857381 0.580464 -1.237014 8241.159663 0.008774
424 26.805069 0.573158 0.856061 0.573158 -1.238334 8241.159663 0.008774
425 26.804602 0.565892 0.854723 0.565892 -1.239672 8241.159663 0.008774
426 26.804135 0.558666 0.853366 0.558666 -1.241029 8241.159663 0.008774
427 26.803667 0.551481 0.851989 0.551481 -1.242406 8241.159663 0.008774
428 26.803199 0.544337 0.850593 0.544337 -1.243802 8241.159663 0.008774
429 26.802730 0.537234 0.849177 0.537234 -1.245218 8241.159663 0.008774
430 26.802261 0.530171 0.847741 0.530171 -1.246655 8241.159663 0.008774
431 26.801791 0.523150 0.846283 0.523150 -1.248112 8241.159663 0.008774
432 26.801321 0.516170 0.844804 0.516170 -1.249591 8241.159663 0.008774
433 26.800851 0.509232 0.843303 0.509232 -1.251092 8241.159663 0.008774
434 26.800380 0.502335 0.841780 0.502335 -1.252615 8241.159663 0.008774
435 26.799909 0.495479 0.840234 0.495479 -1.254161 8241.159663 0.008774
436 26.799437 0.488666 0.838665 0.488666 -1.255730 8241.159663 0.008774
437 26.798965 0.481894 0.837072 0.481894 -1.257323 8241.159663 0.008774
438 26.798492 0.475165 0.835454 0.475165 -1.258941 8241.159663 0.008774
439 26.798019 0.468478 0.833812 0.468478 -1.260583 8241.159663 0.008774
440 26.797546 0.461833 0.832144 0.461833 -1.262251 8241.159663 0.008774
441 26.797072 0.455230 0.830450 0.455230 -1.263945 8241.159663 0.008774
442 26.796597 0.448671 0.828729 0.448671 -1.265666 8241.159663 0.008774
443 26.796123 0.442154 0.826980 0.442154 -1.267415 8241.159663 0.008774
444 26.795647 0.435680 0.825204 0.435680 -1.269191 8241.159663 0.008774
445 26.795172 0.429249 0.823399 0.429249 -1.270996 8241.159663 0.008774
446 26.794696 0.422862 0.821565 0.422862 -1.272830 8241.159663 0.008774
447 26.794219 0.416518 0.819700 0.416518 -1.274695 8241.159663 0.008774
448 26.793742 0.410217 0.817805 0.410217 -1.276590 8241.159663 0.008774
449 26.793265 0.403960 0.815878 0.403960 -1.278517 8241.159663 0.008774
450 26.792787 0.397747 0.813919 0.397747 -1.280477 8241.159663 0.008774
451 26.792308 0.391578 0.811926 0.391578 -1.282469 8241.159663 0.008774
452 26.791830 0.385453 0.809900 0.385453 -1.284496 8241.159663 0.008774
453 26.791350 0.379372 0.807838 0.379372 -1.286557 8241.159663 0.008774
454 26.790871 0.373336 0.805741 0.373336 -1.288654 8241.159663 0.008774
455 26.790390 0.367344 0.803607 0.367344 -1.290788 8241.159663 0.008774
456 26.789910 0.361397 0.801435 0.361397 -1.292960 8241.159663 0.008774
457 26.789429 0.355495 0.799225 0.355495 -1.295170 8241.159663 0.008774
458 26.788947 0.349638 0.796975 0.349638 -1.297420 8241.159663 0.008774
459 26.788465 0.343827 0.794684 0.343827 -1.299711 8241.159663 0.008774
460 26.787983 0.338060 0.792351 0.338060 -1.302044 8241.159663 0.008774
461 26.787500 0.332340 0.789976 0.332340 -1.304419 8241.159663 0.008774
462 26.787017 0.326664 0.787556 0.326664 -1.306839 8241.159663 0.008774
463 26.786533 0.321035 0.785091 0.321035 -1.309304 8241.159663 0.008774
464 26.786048 0.315452 0.782579 0.315452 -1.311816 8241.159663 0.008774
465 26.785564 0.309915 0.780019 0.309915 -1.314376 8241.159663 0.008774
466 26.785078 0.304424 0.777410 0.304424 -1.316985 8241.159663 0.008774
467 26.784593 0.298980 0.774750 0.298980 -1.319645 8241.159663 0.008774
468 26.784106 0.293583 0.772038 0.293583 -1.322357 8241.159663 0.008774
469 26.783620 0.288232 0.769272 0.288232 -1.325123 8241.159663 0.008774
470 26.783133 0.282928 0.766452 0.282928 -1.327944 8241.159663 0.008774
471 26.782645 0.277672 0.763574 0.277672 -1.330821 8241.159663 0.008774
472 26.782157 0.272463 0.760637 0.272463 -1.333758 8241.159663 0.008774
473 26.781668 0.267302 0.757640 0.267302 -1.336755 8241.159663 0.008774
474 26.781179 0.262188 0.754581 0.262188 -1.339814 8241.159663 0.008774
475 26.780689 0.257122 0.751458 0.257122 -1.342937 8241.159663 0.008774
476 26.780199 0.252104 0.748269 0.252104 -1.346126 8241.159663 0.008774
477 26.779709 0.247135 0.745011 0.247135 -1.349384 8241.159663 0.008774
478 26.779218 0.242214 0.741684 0.242214 -1.352711 8241.159663 0.008774
479 26.778726 0.237341 0.738283 0.237341 -1.356112 8241.159663 0.008774
480 26.778234 0.232518 0.734808 0.232518 -1.359587 8241.159663 0.008774
481 26.777742 0.227743 0.731256 0.227743 -1.363139 8241.159663 0.008774
482 26.777249 0.223017 0.727624 0.223017 -1.366771 8241.159663 0.008774
483 26.776755 0.218341 0.723909 0.218341 -1.370486 8241.159663 0.008774
484 26.776261 0.213715 0.720109 0.213715 -1.374286 8241.159663 0.008774
485 26.775766 0.209138 0.716222 0.209138 -1.378173 8241.159663 0.008774
486 26.775271 0.204611 0.712243 0.204611 -1.382152 8241.159663 0.008774
487 26.774776 0.200134 0.708170 0.200134 -1.386225 8241.159663 0.008774
488 26.774280 0.195708 0.704000 0.195708 -1.390396 8241.159663 0.008774
489 26.773783 0.191332 0.699728 0.191332 -1.394667 8241.159663 0.008774
490 26.773286 0.187007 0.695353 0.187007 -1.399042 8241.159663 0.008774
491 26.772788 0.182733 0.690869 0.182733 -1.403526 8241.159663 0.008774
492 26.772290 0.178510 0.686274 0.178510 -1.408121 8241.159663 0.008774
493 26.771791 0.174338 0.681562 0.174338 -1.412833 8241.159663 0.008774
494 26.771292 0.170217 0.676731 0.170217 -1.417664 8241.159663 0.008774
495 26.770792 0.166149 0.671774 0.166149 -1.422621 8241.159663 0.008774
496 26.770292 0.162132 0.666689 0.162132 -1.427706 8241.159663 0.008774
497 26.769791 0.158168 0.661469 0.158168 -1.432926 8241.159663 0.008774
498 26.769290 0.154256 0.656110 0.154256 -1.438285 8241.159663 0.008774
499 26.768788 0.150397 0.650606 0.150397 -1.443789 8241.159663 0.008774
500 26.768286 0.146590 0.644952 0.146590 -1.449443 8241.159663 0.008774
501 26.767783 0.142836 0.639142 0.142836 -1.455254 8241.159663 0.008774
502 26.767279 0.139136 0.633169 0.139136 -1.461226 8241.159663 0.008774
503 26.766775 0.135489 0.627028 0.135489 -1.467367 8241.159663 0.008774
504 26.766270 0.131896 0.620711 0.131896 -1.473684 8241.159663 0.008774
505 26.765765 0.128356 0.614211 0.128356 -1.480184 8241.159663 0.008774
506 26.765259 0.124871 0.607521 0.124871 -1.486874 8241.159663 0.008774
507 26.764753 0.121440 0.600633 0.121440 -1.493762 8241.159663 0.008774
508 26.764246 0.118064 0.593539 0.118064 -1.500856 8241.159663 0.008774
509 26.763739 0.114743 0.586230 0.114743 -1.508165 8241.159663 0.008774
510 26.763231 0.111477 0.578696 0.111477 -1.515699 8241.159663 0.008774
511 26.762722 0.108266 0.570929 0.108266 -1.523466 8241.159663 0.008774
512 26.762213 0.105110 0.562917 0.105110 -1.531478 8241.159663 0.008774
513 26.761703 0.102011 0.554652 0.102011 -1.539743 8241.159663 0.008774
514 26.761193 0.098967 0.546120 0.098967 -1.548275 8241.159663 0.008774
515 26.760682 0.095980 0.537311 0.095980 -1.557084 8241.159663 0.008774
516 26.760171 0.093049 0.528212 0.093049 -1.566183 8241.159663 0.008774
517 26.759658 0.090175 0.518811 0.090175 -1.575584 8241.159663 0.008774
518 26.759146 0.087358 0.509093 0.087358 -1.585303 8241.159663 0.008774
519 26.758632 0.084598 0.499044 0.084598 -1.595352 8241.159663 0.008774
520 26.758119 0.081896 0.488649 0.081896 -1.605746 8241.159663 0.008774
521 26.757604 0.079252 0.477892 0.079252 -1.616503 8241.159663 0.008774
522 26.757089 0.076666 0.466757 0.076666 -1.627638 8241.159663 0.008774
523 26.756573 0.074138 0.455226 0.074138 -1.639170 8241.159663 0.008774
524 26.756057 0.071669 0.443280 0.071669 -1.651115 8241.159663 0.008774
525 26.755540 0.069259 0.430901 0.069259 -1.663494 8241.159663 0.008774
526 26.755023 0.066908 0.418069 0.066908 -1.676326 8241.159663 0.008774
527 26.754505 0.064616 0.404762 0.064616 -1.689633 8241.159663 0.008774
528 26.753986 0.062384 0.390959 0.062384 -1.703436 8241.159663 0.008774
529 26.753466 0.060212 0.376637 0.060212 -1.717758 8241.159663 0.008774
530 26.752946 0.058100 0.361772 0.058100 -1.732623 8241.159663 0.008774
531 26.752426 0.056049 0.346339 0.056049 -1.748056 8241.159663 0.008774
532 26.751904 0.054059 0.330314 0.054059 -1.764081 8241.159663 0.008774
533 26.751382 0.052130 0.313669 0.052130 -1.780726 8241.159663 0.008774
534 26.750860 0.050263 0.296379 0.050263 -1.798016 8241.159663 0.008774
535 26.750337 0.048457 0.278415 0.048457 -1.815980 8241.159663 0.008774
536 26.749813 0.046713 0.259749 0.046713 -1.834646 8241.159663 0.008774
537 26.749288 0.045032 0.240355 0.045032 -1.854040 8241.159663 0.008774
538 26.748763 0.043413 0.220202 0.043413 -1.874193 8241.159663 0.008774
539 26.748237 0.041857 0.199264 0.041857 -1.895131 8241.159663 0.008774
540 26.747710 0.040365 0.177512 0.040365 -1.916883 8241.159663 0.008774
541 26.747183 0.038936 0.154920 0.038936 -1.939475 8241.159663 0.008774
542 26.746655 0.037572 0.131464 0.037572 -1.962932 8241.159663 0.008774
543 26.746127 0.036271 0.107118 0.036271 -1.987277 8241.159663 0.008774
544 26.745597 0.035035 0.081862 0.035035 -2.012533 8241.159663 0.008774
545 26.745068 0.033865 0.055679 0.033865 -2.038716 8241.159663 0.008774
546 26.744537 0.032759 0.028553 0.032759 -2.065842 8241.159663 0.008774
547 26.744006 0.031719 0.000476 0.031719 -2.093919 8241.159663 0.008774
548 26.743473 0.030745 -0.028559 0.030745 -2.122954 8241.159663 0.008774
549 26.742941 0.029837 -0.058548 0.029837 -2.152943 8241.159663 0.008774
550 26.742407 0.028996 -0.089484 0.028996 -2.183879 8241.159663 0.008774
551 26.741873 0.028222 -0.121350 0.028222 -2.215745 8241.159663 0.008774
552 26.741338 0.027516 -0.154121 0.027516 -2.248516 8241.159663 0.008774
553 26.740803 0.026877 -0.187764 0.026877 -2.282159 8241.159663 0.008774
554 26.740266 0.026306 -0.222235 0.026306 -2.316630 8241.159663 0.008774
555 26.739729 0.025804 -0.257480 0.025804 -2.351875 8241.159663 0.008774
556 26.739191 0.025371 -0.293435 0.025371 -2.387830 8241.159663 0.008774
557 26.738653 0.025006 -0.330027 0.025006 -2.424422 8241.159663 0.008774
558 26.738113 0.024712 -0.367172 0.024712 -2.461567 8241.159663 0.008774
559 26.737573 0.024487 -0.404779 0.024487 -2.499174 8241.159663 0.008774
560 26.737032 0.024333 -0.442749 0.024333 -2.537144 8241.159663 0.008774
561 26.736491 0.024250 -0.480976 0.024250 -2.575371 8241.159663 0.008774
562 26.735948 0.024238 -0.519350 0.024238 -2.613746 8241.159663 0.008774
563 26.735405 0.024297 -0.557761 0.024297 -2.652156 8241.159663 0.008774
564 26.734861 0.024429 -0.596094 0.024429 -2.690489 8241.159663 0.008774
565 26.734317 0.024633 -0.634238 0.024633 -2.728633 8241.159663 0.008774
566 26.733771 0.024910 -0.672084 0.024910 -2.766479 8241.159663 0.008774
567 26.733225 0.025260 -0.709531 0.025260 -2.803926 8241.159663 0.008774
568 26.732678 0.025683 -0.746481 0.025683 -2.840876 8241.159663 0.008774
569 26.732130 0.026181 -0.782845 0.026181 -2.877240 8241.159663 0.008774
570 26.731581 0.026754 -0.818544 0.026754 -2.912939 8241.159663 0.008774
571 26.731032 0.027402 -0.853508 0.027402 -2.947903 8241.159663 0.008774
572 26.730482 0.028125 -0.887677 0.028125 -2.982073 8241.159663 0.008774
573 26.729931 0.028924 -0.921001 0.028924 -3.015397 8241.159663 0.008774
574 26.729379 0.029799 -0.953441 0.029799 -3.047836 8241.159663 0.008774
575 26.728826 0.030751 -0.984964 0.030751 -3.079359 8241.159663 0.008774
576 26.728272 0.031781 -1.015551 0.031781 -3.109946 8241.159663 0.008774
577 26.727718 0.032888 -1.045187 0.032888 -3.139582 8241.159663 0.008774
578 26.727162 0.034074 -1.073867 0.034074 3.114923 8241.159663 0.008774
579 26.726606 0.035338 -1.101592 0.035338 3.087199 8241.159663 0.008774
580 26.726049 0.036682 -1.128368 0.036682 3.060423 8241.159663 0.008774
581 26.725491 0.038105 -1.154207 0.038105 3.034584 8241.159663 0.008774
582 26.724932 0.039609 -1.179124 0.039609 3.009666 8241.159663 0.008774
583 26.724373 0.041194 -1.203140 0.041194 2.985650 8241.159663 0.008774
584 26.723812 0.042860 -1.226276 0.042860 2.962515 8241.159663 0.008774
585 26.723251 0.044608 -1.248556 0.044608 2.940235 8241.159663 0.008774
586 26.722688 0.046438 -1.270006 0.046438 2.918785 8241.159663 0.008774
587 26.722125 0.048351 -1.290653 0.048351 2.898137 8241.159663 0.008774
588 26.721561 0.050348 -1.310525 0.050348 2.878265 8241.159663 0.008774
589 26.720995 0.052428 -1.329650 0.052428 2.859140 8241.159663 0.008774
590 26.720429 0.054593 -1.348057 0.054593 2.840734 8241.159663 0.008774
591 26.719862 0.056844 -1.365772 0.056844 2.823018 8241.159663 0.008774
592 26.719294 0.059180 -1.382826 0.059180 2.805965 8241.159663 0.008774
593 26.718726 0.061602 -1.399243 0.061602 2.789547 8241.159663 0.008774
594 26.718156 0.064111 -1.415052 0.064111 2.773739 8241.159663 0.008774
595 26.717585 0.066708 -1.430277 0.066708 2.758513 8241.159663 0.008774
596 26.717013 0.069393 -1.444945 0.069393 2.743845 8241.159663 0.008774
597 26.716440 0.072167 -1.459079 0.072167 2.729711 8241.159663 0.008774
598 26.715867 0.075030 -1.472703 0.075030 2.716087 8241.159663 0.008774
599 26.715292 0.077983 -1.485839 0.077983 2.702951 8241.159663 0.008774
600 26.714716 0.081026 -1.498509 0.081026 2.690282 8241.159663 0.008774
601 26.714139 0.084161 -1.510733 0.084161 2.678057 8241.159663 0.008774
602 26.713562 0.087388 -1.522531 0.087388 2.666259 8241.159663 0.008774
603 26.712983 0.090707 -1.533922 0.090707 2.654868 8241.159663 0.008774
604 26.712403 0.094119 -1.544924 0.094119 2.643866 8241.159663 0.008774
605 26.711822 0.097626 -1.555555 0.097626 2.633235 8241.159663 0.008774
606 26.711240 0.101227 -1.565830 0.101227 2.622961 8241.159663 0.008774
607 26.710657 0.104923 -1.575764 0.104923 2.613026 8241.159663 0.008774
608 26.710073 0.108716 -1.585374 0.108716 2.603416 8241.159663 0.008774
609 26.709488 0.112605 -1.594673 0.112605 2.594117 8241.159663 0.008774
610 26.708902 0.116591 -1.603674 0.116591 2.585116 8241.159663 0.008774
611 26.708315 0.120676 -1.612390 0.120676 2.576400 8241.159663 0.008774
612 26.707726 0.124860 -1.620834 0.124860 2.567956 8241.159663 0.008774
613 26.707137 0.129144 -1.629016 0.129144 2.559774 8241.159663 0.008774
614 26.706546 0.133528 -1.636948 0.133528 2.551842 8241.159663 0.008774
615 26.705954 0.138013 -1.644641 0.138013 2.544150 8241.159663 0.008774
616 26.705362 0.142600 -1.652103 0.142600 2.536687 8241.159663 0.008774
617 26.704768 0.147290 -1.659345 0.147290 2.529445 8241.159663 0.008774
618 26.704172 0.152084 -1.666375 0.152084 2.522415 8241.159663 0.008774
619 26.703576 0.156983 -1.673203 0.156983 2.515587 8241.159663 0.008774
620 26.702979 0.161986 -1.679836 0.161986 2.508954 8241.159663 0.008774
621 26.702380 0.167096 -1.686281 0.167096 2.502509 8241.159663 0.008774
622 26.701780 0.172313 -1.692547 0.172313 2.496243 8241.159663 0.008774
623 26.701179 0.177638 -1.698641 0.177638 2.490150 8241.159663 0.008774
624 26.700577 0.183072 -1.704568 0.183072 2.484222 8241.159663 0.008774
625 26.699973 0.188616 -1.710335 0.188616 2.478455 8241.159663 0.008774
626 26.699368 0.194270 -1.715949 0.194270 2.472841 8241.159663 0.008774
627 26.698762 0.200036 -1.721415 0.200036 2.467375 8241.159663 0.008774
628 26.698155 0.205914 -1.726739 0.205914 2.462051 8241.159663 0.008774
629 26.697547 0.211906 -1.731926 0.211906 2.456865 8241.159663 0.008774
630 26.696937 0.218012 -1.736980 0.218012 2.451810 8241.159663 0.008774
631 26.696326 0.224233 -1.741907 0.224233 2.446883 8241.159663 0.008774
632 26.695714 0.230571 -1.746712 0.230571 2.442078 8241.159663 0.008774
633 26.695100 0.237027 -1.751398 0.237027 2.437392 8241.159663 0.008774
634 26.694485 0.243601 -1.755970 0.243601 2.432820 8241.159663 0.008774
635 26.693869 0.250294 -1.760432 0.250294 2.428358 8241.159663 0.008774
636 26.693251 0.257108 -1.764788 0.257108 2.424002 8241.159663 0.008774
637 26.692632 0.264044 -1.769041 0.264044 2.419749 8241.159663 0.008774
638 26.692011 0.271102 -1.773195 0.271102 2.415595 8241.159663 0.008774
639 26.691390 0.278284 -1.777253 0.278284 2.411538 8241.159663 0.008774
640 26.690766 0.285592 -1.781218 0.285592 2.407572 8241.159663 0.008774
641 26.690142 0.293025 -1.785094 0.293025 2.403697 8241.159663 0.008774
642 26.689516 0.300586 -1.788883 0.300586 2.399908 8241.159663 0.008774
643 26.688888 0.308275 -1.792588 0.308275 2.396202 8241.159663 0.008774
644 26.688260 0.316094 -1.796212 0.316094 2.392578 8241.159663 0.008774
645 26.687629 0.324044 -1.799757 0.324044 2.389033 8241.159663 0.008774
646 26.686997 0.332125 -1.803227 0.332125 2.385563 8241.159663 0.008774
647 26.686364 0.340341 -1.806623 0.340341 2.382167 8241.159663 0.008774
648 26.685729 0.348691 -1.809947 0.348691 2.378843 8241.159663 0.008774
649 26.685093 0.357177 -1.813203 0.357177 2.375588 8241.159663 0.008774
650 26.684455 0.365800 -1.816391 0.365800 2.372399 8241.159663 0.008774
651 26.683816 0.374563 -1.819514 0.374563 2.369276 8241.159663 0.008774
652 26.683175 0.383465 -1.822574 0.383465 2.366216 8241.159663 0.008774
653 26.682532 0.392508 -1.825573 0.392508 2.363217 8241.159663 0.008774
654 26.681888 0.401695 -1.828513 0.401695 2.360277 8241.159663 0.008774
655 26.681243 0.411025 -1.831395 0.411025 2.357395 8241.159663 0.008774
656 26.680595 0.420502 -1.834221 0.420502 2.354569 8241.159663 0.008774
657 26.679946 0.430126 -1.836993 0.430126 2.351797 8241.159663 0.008774
658 26.679296 0.439898 -1.839712 0.439898 2.349078 8241.159663 0.008774
659 26.678643 0.449821 -1.842379 0.449821 2.346411 8241.159663 0.008774
660 26.677989 0.459896 -1.844997 0.459896 2.343793 8241.159663 0.008774
661 26.677334 0.470124 -1.847567 0.470124 2.341224 8241.159663 0.008774
662 26.676676 0.480507 -1.850089 0.480507 2.338701 8241.159663 0.008774
663 26.676017 0.491047 -1.852565 0.491047 2.336225 8241.159663 0.008774
664 26.675356 0.501746 -1.854997 0.501746 2.333793 8241.159663 0.008774
665 26.674694 0.512604 -1.857386 0.512604 2.331405 8241.159663 0.008774
666 26.674029 0.523625 -1.859732 0.523625 2.329058 8241.159663 0.008774
667 26.673363 0.534809 -1.862037 0.534809 2.326753 8241.159663 0.008774
668 26.672695 0.546158 -1.864302 0.546158 2.324488 8241.159663 0.008774
669 26.672025 0.557675 -1.866528 0.557675 2.322262 8241.159663 0.008774
670 26.671353 0.569361 -1.868717 0.569361 2.320073 8241.159663 0.008774
671 26.670680 0.581218 -1.870868 0.581218 2.317922 8241.159663 0.008774
672 26.670004 0.593248 -1.872984 0.593248 2.315807 8241.159663 0.008774
673 26.669327 0.605453 -1.875064 0.605453 2.313726 8241.159663 0.008774
674 26.668647 0.617835 -1.877110 0.617835 2.311680 8241.159663 0.008774
675 26.667966 0.630396 -1.879123 0.630396 2.309667 8241.159663 0.008774
676 26.667283 0.643139 -1.881103 0.643139 2.307687 8241.159663 0.008774
677 26.666597 0.656064 -1.883052 0.656064 2.305739 8241.159663 0.008774
678 26.665910 0.669175 -1.884969 0.669175 2.303821 8241.159663 0.008774
679 26.665220 0.682474 -1.886857 0.682474 2.301933 8241.159663 0.008774
680 26.664529 0.695962 -1.888715 0.695962 2.300075 8241.159663 0.008774
681 26.663835 0.709643 -1.890544 0.709643 2.298246 8241.159663 0.008774
682 26.663139 0.723518 -1.892345 0.723518 2.296445 8241.159663 0.008774
683 26.662441 0.737590 -1.894119 0.737590 2.294671 8241.159663 0.008774
684 26.661741 0.751862 -1.895866 0.751862 2.292924 8241.159663 0.008774
685 26.661039 0.766335 -1.897587 0.766335 2.291203 8241.159663 0.008774
686 26.660335 0.781013 -1.899283 0.781013 2.289507 8241.159663 0.008774
687 26.659628 0.795897 -1.900954 0.795897 2.287836 8241.159663 0.008774
688 26.658919 0.810992 -1.902600 0.810992 2.286190 8241.159663 0.008774
689 26.658208 0.826298 -1.904223 0.826298 2.284568 8241.159663 0.008774
690 26.657494 0.841820 -1.905822 0.841820 2.282968 8241.159663 0.008774
691 26.656778 0.857559 -1.907399 0.857559 2.281392 8241.159663 0.008774
692 26.656060 0.873520 -1.908953 0.873520 2.279837 8241.159663 0.008774
693 26.655339 0.889703 -1.910486 0.889703 2.278304 8241.159663 0.008774
694 26.654616 0.906114 -1.911997 0.906114 2.276793 8241.159663 0.008774
695 26.653890 0.922754 -1.913488 0.922754 2.275302 8241.159663 0.008774
696 26.653162 0.939627 -1.914958 0.939627 2.273832 8241.159663 0.008774
697 26.652431 0.956735 -1.916409 0.956735 2.272381 8241.159663 0.008774
698 26.651698 0.974083 -1.917840 0.974083 2.270950 8241.159663 0.008774
699 26.650962 0.991674 -1.919252 0.991674 2.269538 8241.159663 0.008774
700 26.650223 1.009510 -1.920646 1.009510 2.268144 8241.159663 0.008774
701 26.649482 1.027596 -1.922021 1.027596 2.266769 8241.159663 0.008774
702 26.648738 1.045935 -1.923379 1.045935 2.265411 8241.159663 0.008774
703 26.647992 1.064530 -1.924719 1.064530 2.264071 8241.159663 0.008774
704 26.647243 1.083385 -1.926042 1.083385 2.262748 8241.159663 0.008774
705 26.646490 1.102504 -1.927348 1.102504 2.261442 8241.159663 0.008774
706 26.645736 1.121892 -1.928638 1.121892 2.260152 8241.159663 0.008774
707 26.644978 1.141551 -1.929912 1.141551 2.258878 8241.159663 0.008774
708 26.644217 1.161485 -1.931171 1.161485 2.257620 8241.159663 0.008774
709 26.643453 1.181700 -1.932413 1.181700 2.256377 8241.159663 0.008774
710 26.642687 1.202200 -1.933641 1.202200 2.255149 8241.159663 0.008774
711 26.641917 1.222987 -1.934854 1.222987 2.253936 8241.159663 0.008774
712 26.641144 1.244068 -1.936053 1.244068 2.252737 8241.159663 0.008774
713 26.640369 1.265447 -1.937237 1.265447 2.251553 8241.159663 0.008774
714 26.639590 1.287127 -1.938408 1.287127 2.250382 8241.159663 0.008774
715 26.638807 1.309115 -1.939565 1.309115 2.249225 8241.159663 0.008774
716 26.638022 1.331415 -1.940708 1.331415 2.248082 8241.159663 0.008774
717 26.637233 1.354031 -1.941839 1.354031 2.246951 8241.159663 0.008774
718 26.636441 1.376970 -1.942957 1.376970 2.245833 8241.159663 0.008774
719 26.635646 1.400236 -1.944062 1.400236 2.244728 8241.159663 0.008774
720 26.634847 1.423835 -1.945155 1.423835 2.243635 8241.159663 0.008774
721 26.634045 1.447772 -1.946236 1.447772 2.242554 8241.159663 0.008774
722 26.633239 1.472053 -1.947305 1.472053 2.241485 8241.159663 0.008774
723 26.632430 1.496683 -1.948362 1.496683 2.240428 8241.159663 0.008774
724 26.631617 1.521670 -1.949408 1.521670 2.239382 8241.159663 0.008774
725 26.630800 1.547018 -1.950443 1.547018 2.238347 8241.159663 0.008774
726 26.629979 1.572734 -1.951467 1.572734 2.237323 8241.159663 0.008774
727 26.629155 1.598825 -1.952480 1.598825 2.236310 8241.159663 0.008774
728 26.628327 1.625297 -1.953483 1.625297 2.235307 8241.159663 0.008774
729 26.627495 1.652158 -1.954475 1.652158 2.234315 8241.159663 0.008774
730 26.626659 1.679413 -1.955458 1.679413 2.233333 8241.159663 0.008774
731 26.625819 1.707071 -1.956430 1.707071 2.232360 8241.159663 0.008774
732 26.624975 1.735138 -1.957393 1.735138 2.231398 8241.159663 0.008774
733 26.624127 1.763622 -1.958346 1.763622 2.230445 8241.159663 0.008774
734 26.623274 1.792532 -1.959289 1.792532 2.229501 8241.159663 0.008774
735 26.622417 1.821875 -1.960224 1.821875 2.228566 8241.159663 0.008774
736 26.621556 1.851659 -1.961149 1.851659 2.227641 8241.159663 0.008774
737 26.620691 1.881892 -1.962066 1.881892 2.226724 8241.159663 0.008774
738 26.619821 1.912585 -1.962974 1.912585 2.225816 8241.159663 0.008774
739 26.618946 1.943745 -1.963873 1.943745 2.224917 8241.159663 0.008774
740 26.618066 1.975382 -1.964765 1.975382 2.224026 8241.159663 0.008774
741 26.617182 2.007505 -1.965648 2.007505 2.223143 8241.159663 0.008774
742 26.616293 2.040125 -1.966523 2.040125 2.222268 8241.159663 0.008774
743 26.615399 2.073251 -1.967390 2.073251 2.221401 8241.159663 0.008774
744 26.614500 2.106895 -1.968249 2.106895 2.220541 8241.159663 0.008774
745 26.613596 2.141066 -1.969101 2.141066 2.219689 8241.159663 0.008774
746 26.612687 2.175775 -1.969945 2.175775 2.218845 8241.159663 0.008774
747 26.611773 2.211036 -1.970782 2.211036 2.218008 8241.159663 0.008774
748 26.610853 2.246858 -1.971612 2.246858 2.217178 8241.159663 0.008774
749 26.609928 2.283255 -1.972435 2.283255 2.216355 8241.159663 0.008774
750 26.608997 2.320239 -1.973251 2.320239 2.215539 8241.159663 0.008774
751 26.608060 2.357824 -1.974060 2.357824 2.214730 8241.159663 0.008774
752 26.607118 2.396022 -1.974863 2.396022 2.213927 8241.159663 0.008774
753 26.606170 2.434847 -1.975659 2.434847 2.213131 8241.159663 0.008774
754 26.605216 2.474315 -1.976449 2.474315 2.212341 8241.159663 0.008774
755 26.604255 2.514440 -1.977233 2.514440 2.211557 8241.159663 0.008774
756 26.603289 2.555238 -1.978011 2.555238 2.210779 8241.159663 0.008774
757 26.602316 2.596724 -1.978783 2.596724 2.210008 8241.159663 0.008774
758 26.601336 2.638915 -1.979548 2.638915 2.209242 8241.159663 0.008774
759 26.600350 2.681829 -1.980309 2.681829 2.208482 8241.159663 0.008774
760 26.599357 2.725482 -1.981063 2.725482 2.207727 8241.159663 0.008774
761 26.598357 2.769895 -1.981812 2.769895 2.206978 8241.159663 0.008774
762 26.597350 2.815085 -1.982556 2.815085 2.206234 8241.159663 0.008774
763 26.596336 2.861072 -1.983295 2.861072 2.205496 8241.159663 0.008774
764 26.595315 2.907878 -1.984028 2.907878 2.204762 8241.159663 0.008774
765 26.594286 2.955524 -1.984756 2.955524 2.204034 8241.159663 0.008774
766 26.593249 3.004032 -1.985480 3.004032 2.203310 8241.159663 0.008774
767 26.592204 3.053425 -1.986199 3.053425 2.202592 8241.159663 0.008774
768 26.591151 3.103728 -1.986913 3.103728 2.201878 8241.159663 0.008774
769 26.590091 3.154965 -1.987622 3.154965 2.201168 8241.159663 0.008774
770 26.589021 3.207162 -1.988327 3.207162 2.200463 8241.159663 0.008774
771 26.587943 3.260347 -1.989028 3.260347 2.199762 8241.159663 0.008774
772 26.586856 3.314549 -1.989724 3.314549 2.199066 8241.159663 0.008774
773 26.585760 3.369796 -1.990417 3.369796 2.198373 8241.159663 0.008774
774 26.584655 3.426120 -1.991105 3.426120 2.197685 8241.159663 0.008774
775 26.583540 3.483552 -1.991790 3.483552 2.197000 8241.159663 0.008774
776 26.582416 3.542127 -1.992470 3.542127 2.196320 8241.159663 0.008774
777 26.581281 3.601880 -1.993147 3.601880 2.195643 8241.159663 0.008774
778 26.580137 3.662847 -1.993821 3.662847 2.194969 8241.159663 0.008774
779 26.578981 3.725067 -1.994491 3.725067 2.194299 8241.159663 0.008774
780 26.577815 3.788581 -1.995158 3.788581 2.193633 8241.159663 0.008774
781 26.576638 3.853431 -1.995821 3.853431 2.192969 8241.159663 0.008774
782 26.575449 3.919660 -1.996481 3.919660 2.192309 8241.159663 0.008774
783 26.574249 3.987316 -1.997139 3.987316 2.191652 8241.159663 0.008774
784 26.573036 4.056448 -1.997793 4.056448 2.190997 8241.159663 0.008774
785 26.571811 4.127106 -1.998445 4.127106 2.190346 8241.159663 0.008774
786 26.570573 4.199346 -1.999094 4.199346 2.189697 8241.159663 0.008774
787 26.569322 4.273223 -1.999740 4.273223 2.189050 8241.159663 0.008774
788 26.568058 4.348799 -2.000384 4.348799 2.188406 8241.159663 0.008774
789 26.566779 4.426135 -2.001026 4.426135 2.187765 8241.159663 0.008774
790 26.565486 4.505299 -2.001665 4.505299 2.187125 8241.159663 0.008774
791 26.564178 4.586362 -2.002302 4.586362 2.186488 8241.159663 0.008774
792 26.562855 4.669398 -2.002938 4.669398 2.185852 8241.159663 0.008774
793 26.561515 4.754486 -2.003572 4.754486 2.185219 8241.159663 0.008774
794 26.560160 4.841709 -2.004204 4.841709 2.184587 8241.159663 0.008774
795 26.558787 4.931157 -2.004834 4.931157 2.183956 8241.159663 0.008774
796 26.557396 5.022924 -2.005463 5.022924 2.183327 8241.159663 0.008774
797 26.555987 5.117110 -2.006091 5.117110 2.182699 8241.159663 0.008774
798 26.554560 5.213821 -2.006718 5.213821 2.182072 8241.159663 0.008774
799 26.553112 5.313173 -2.007344 5.313173 2.181447 8241.159663 0.008774
800 26.551644 5.415285 -2.007969 5.415285 2.180822 8241.159663 0.008774
801 26.550155 5.520288 -2.008593 5.520288 2.180197 8241.159663 0.008774
802 26.548644 5.628321 -2.009217 5.628321 2.179573 8241.159663 0.008774
803 26.547110 5.739532 -2.009841 5.739532 2.178949 8241.159663 0.008774
804 26.545552 5.854082 -2.010464 5.854082 2.178326 8241.159663 0.008774
805 26.543969 5.972143 -2.011088 5.972143 2.177702 8241.159663 0.008774
806 26.542360 6.093899 -2.011712 6.093899 2.177078 8241.159663 0.008774
807 26.540723 6.219550 -2.012337 6.219550 2.176453 8241.159663 0.008774
808 26.539058 6.349313 -2.012962 6.349313 2.175828 8241.159663 0.008774
809 26.537363 6.483421 -2.013589 6.483421 2.175202 8241.159663 0.008774
810 26.535637 6.622129 -2.014216 6.622129 2.174574 8241.159663 0.008774
811 26.533878 6.765713 -2.014845 6.765713 2.173945 8241.159663 0.008774
812 26.532084 6.914474 -2.015476 6.914474 2.173314 8241.159663 0.008774
813 26.530254 7.068741 -2.016109 7.068741 2.172681 8241.159663 0.008774
814 26.528385 7.228876 -2.016745 7.228876 2.172045 8241.159663 0.008774
815 26.526476 7.395275 -2.017383 7.395275 2.171407 8241.159663 0.008774
816 26.524524 7.568376 -2.018025 7.568376 2.170765 8241.159663 0.008774
817 26.522526 7.748661 -2.018670 7.748661 2.170120 8241.159663 0.008774
818 26.520479 7.936667 -2.019319 7.936667 2.169471 8241.159663 0.008774
819 26.518381 8.132991 -2.019973 8.132991 2.168817 8241.159663 0.008774
820 26.516227 8.338300 -2.020632 8.338300 2.168159 8241.159663 0.008774
821 26.514015 8.553342 -2.021296 8.553342 2.167494 8241.159663 0.008774
822 26.511739 8.778959 -2.021967 8.778959 2.166824 8241.159663 0.008774
823 26.509395 9.016107 -2.022644 9.016107 2.166146 8241.159663 0.008774
824 26.506977 9.265872 -2.023330 9.265872 2.165460 8241.159663 0.008774
825 26.504479 9.529498 -2.024024 9.529498 2.164766 8241.159663 0.008774
826 26.501895 9.808416 -2.024728 9.808416 2.164062 8241.159663 0.008774
827 26.499216 10.104285 -2.025443 10.104285 2.163348 8241.159663 0.008774
828 26.496434 10.419044 -2.026169 10.419044 2.162621 8241.159663 0.008774
829 26.493537 10.754973 -2.026910 10.754973 2.161880 8241.159663 0.008774
830 26.490512 11.114783 -2.027666 11.114783 2.161124 8241.159663 0.008774
831 26.487347 11.501724 -2.028439 11.501724 2.160351 8241.159663 0.008774
832 26.484022 11.919743 -2.029232 11.919743 2.159558 8241.159663 0.008774
833 26.480516 12.373692 -2.030048 12.373692 2.158742 8241.159663 0.008774
834 26.476805 12.869625 -2.030891 12.869625 2.157899 8241.159663 0.008774
835 26.472855 13.415224 -2.031764 13.415224 2.157026 8241.159663 0.008774
836 26.468625 14.020439 -2.032673 14.020439 2.156117 8241.159663 0.008774
837 26.464063 14.698462 -2.033625 14.698462 2.155165 8241.159663 0.008774
838 26.459098 15.467291 -2.034630 15.467291 2.154161 8241.159663 0.008774
