20 10.707180 1565.895688 2.108569 1565.895688 -2.080221 8241.159663 0.008774
21 10.707180 1565.890680 2.108569 1565.890680 -2.080221 8241.159663 0.008774
22 10.707179 1565.885110 2.108569 1565.885110 -2.080221 8241.159663 0.008774
23 10.707177 1565.878953 2.108569 1565.878953 -2.080221 8241.159663 0.008774
24 10.707176 1565.872182 2.108569 1565.872182 -2.080221 8241.159663 0.008774
25 10.707174 1565.864773 2.108569 1565.864773 -2.080221 8241.159663 0.008774
26 10.707172 1565.856701 2.108569 1565.856701 -2.080221 8241.159663 0.008774
27 10.707170 1565.847940 2.108569 1565.847940 -2.080221 8241.159663 0.008774
28 10.707167 1565.838467 2.108569 1565.838467 -2.080221 8241.159663 0.008774
29 10.707164 1565.828258 2.108569 1565.828258 -2.080221 8241.159663 0.008774
30 10.707161 1565.817290 2.108569 1565.817290 -2.080221 8241.159663 0.008774
31 10.707157 1565.805537 2.108569 1565.805537 -2.080222 8241.159663 0.008774
32 10.707153 1565.792978 2.108569 1565.792978 -2.080222 8241.159663 0.008774
33 10.707149 1565.779590 2.108569 1565.779590 -2.080222 8241.159663 0.008774
34 10.707143 1565.765350 2.108569 1565.765350 -2.080222 8241.159663 0.008774
35 10.707138 1565.750237 2.108569 1565.750237 -2.080222 8241.159663 0.008774
36 10.707132 1565.734227 2.108569 1565.734227 -2.080222 8241.159663 0.008774
37 10.707125 1565.717302 2.108568 1565.717302 -2.080222 8241.159663 0.008774
38 10.707118 1565.699439 2.108568 1565.699439 -2.080222 8241.159663 0.008774
39 10.707110 1565.680618 2.108568 1565.680618 -2.080222 8241.159663 0.008774
40 10.707102 1565.660821 2.108568 1565.660821 -2.080222 8241.159663 0.008774
41 10.707093 1565.640028 2.108568 1565.640028 -2.080222 8241.159663 0.008774
42 10.707083 1565.618220 2.108568 1565.618220 -2.080222 8241.159663 0.008774
43 10.707073 1565.595380 2.108568 1565.595380 -2.080222 8241.159663 0.008774
44 10.707062 1565.571491 2.108568 1565.571491 -2.080222 8241.159663 0.008774
45 10.707051 1565.546537 2.108568 1565.546537 -2.080222 8241.159663 0.008774
46 10.707038 1565.520502 2.108568 1565.520502 -2.080222 8241.159663 0.008774
47 10.707026 1565.493370 2.108568 1565.493370 -2.080222 8241.159663 0.008774
48 10.707012 1565.465129 2.108568 1565.465129 -2.080222 8241.159663 0.008774
49 10.706998 1565.435764 2.108568 1565.435764 -2.080222 8241.159663 0.008774
50 10.706982 1565.405263 2.108568 1565.405263 -2.080222 8241.159663 0.008774
51 10.706967 1565.373614 2.108568 1565.373614 -2.080222 8241.159663 0.008774
52 10.706950 1565.340807 2.108568 1565.340807 -2.080223 8241.159663 0.008774
53 10.706933 1565.306829 2.108568 1565.306829 -2.080223 8241.159663 0.008774
54 10.706915 1565.271673 2.108568 1565.271673 -2.080223 8241.159663 0.008774
55 10.706896 1565.235329 2.108567 1565.235329 -2.080223 8241.159663 0.008774
56 10.706876 1565.197790 2.108567 1565.197790 -2.080223 8241.159663 0.008774
57 10.706856 1565.159047 2.108567 1565.159047 -2.080223 8241.159663 0.008774
58 10.706835 1565.119095 2.108567 1565.119095 -2.080223 8241.159663 0.008774
59 10.706813 1565.077928 2.108567 1565.077928 -2.080223 8241.159663 0.008774
60 10.706790 1565.035541 2.108567 1565.035541 -2.080223 8241.159663 0.008774
61 10.706766 1564.991928 2.108567 1564.991928 -2.080223 8241.159663 0.008774
62 10.706742 1564.947087 2.108567 1564.947087 -2.080223 8241.159663 0.008774
63 10.706717 1564.901015 2.108567 1564.901015 -2.080223 8241.159663 0.008774
64 10.706691 1564.853708 2.108567 1564.853708 -2.080223 8241.159663 0.008774
65 10.706664 1564.805166 2.108567 1564.805166 -2.080224 8241.159663 0.008774
66 10.706636 1564.755387 2.108567 1564.755387 -2.080224 8241.159663 0.008774
67 10.706608 1564.704371 2.108567 1564.704371 -2.080224 8241.159663 0.008774
68 10.706579 1564.652117 2.108566 1564.652117 -2.080224 8241.159663 0.008774
69 10.706548 1564.598627 2.108566 1564.598627 -2.080224 8241.159663 0.008774
70 10.706517 1564.543901 2.108566 1564.543901 -2.080224 8241.159663 0.008774
71 10.706486 1564.487940 2.108566 1564.487940 -2.080224 8241.159663 0.008774
72 10.706453 1564.430748 2.108566 1564.430748 -2.080224 8241.159663 0.008774
73 10.706420 1564.372327 2.108566 1564.372327 -2.080224 8241.159663 0.008774
74 10.706386 1564.312679 2.108566 1564.312679 -2.080224 8241.159663 0.008774
75 10.706351 1564.251809 2.108566 1564.251809 -2.080224 8241.159663 0.008774
76 10.706315 1564.189719 2.108566 1564.189719 -2.080225 8241.159663 0.008774
77 10.706278 1564.126416 2.108566 1564.126416 -2.080225 8241.159663 0.008774
78 10.706240 1564.061902 2.108565 1564.061902 -2.080225 8241.159663 0.008774
79 10.706202 1563.996184 2.108565 1563.996184 -2.080225 8241.159663 0.008774
80 10.706163 1563.929267 2.108565 1563.929267 -2.080225 8241.159663 0.008774
81 10.706123 1563.861157 2.108565 1563.861157 -2.080225 8241.159663 0.008774
82 10.706082 1563.791859 2.108565 1563.791859 -2.080225 8241.159663 0.008774
83 10.706041 1563.721380 2.108565 1563.721380 -2.080225 8241.159663 0.008774
84 10.705999 1563.649727 2.108565 1563.649727 -2.080225 8241.159663 0.008774
85 10.705955 1563.576907 2.108565 1563.576907 -2.080225 8241.159663 0.008774
86 10.705911 1563.502927 2.108565 1563.502927 -2.080226 8241.159663 0.008774
87 10.705867 1563.427794 2.108565 1563.427794 -2.080226 8241.159663 0.008774
88 10.705821 1563.351516 2.108564 1563.351516 -2.080226 8241.159663 0.008774
89 10.705775 1563.274101 2.108564 1563.274101 -2.080226 8241.159663 0.008774
90 10.705728 1563.195557 2.108564 1563.195557 -2.080226 8241.159663 0.008774
91 10.705680 1563.115892 2.108564 1563.115892 -2.080226 8241.159663 0.008774
92 10.705631 1563.035115 2.108564 1563.035115 -2.080226 8241.159663 0.008774
93 10.705582 1562.953234 2.108564 1562.953234 -2.080226 8241.159663 0.008774
94 10.705532 1562.870258 2.108564 1562.870258 -2.080226 8241.159663 0.008774
95 10.705481 1562.786195 2.108564 1562.786195 -2.080227 8241.159663 0.008774
96 10.705429 1562.701056 2.108564 1562.701056 -2.080227 8241.159663 0.008774
97 10.705376 1562.614848 2.108563 1562.614848 -2.080227 8241.159663 0.008774
98 10.705323 1562.527581 2.108563 1562.527581 -2.080227 8241.159663 0.008774
99 10.705269 1562.439265 2.108563 1562.439265 -2.080227 8241.159663 0.008774
100 10.705214 1562.349908 2.108563 1562.349908 -2.080227 8241.159663 0.008774
101 10.705159 1562.259521 2.108563 1562.259521 -2.080227 8241.159663 0.008774
102 10.705103 1562.168112 2.108563 1562.168112 -2.080227 8241.159663 0.008774
103 10.705046 1562.075692 2.108563 1562.075692 -2.080227 8241.159663 0.008774
104 10.704988 1561.982269 2.108563 1561.982269 -2.080228 8241.159663 0.008774
105 10.704930 1561.887854 2.108563 1561.887854 -2.080228 8241.159663 0.008774
106 10.704871 1561.792457 2.108562 1561.792457 -2.080228 8241.159663 0.008774
107 10.704811 1561.696087 2.108562 1561.696087 -2.080228 8241.159663 0.008774
108 10.704750 1561.598753 2.108562 1561.598753 -2.080228 8241.159663 0.008774
109 10.704689 1561.500466 2.108562 1561.500466 -2.080228 8241.159663 0.008774
110 10.704627 1561.401236 2.108562 1561.401236 -2.080228 8241.159663 0.008774
111 10.704565 1561.301072 2.108562 1561.301072 -2.080228 8241.159663 0.008774
112 10.704501 1561.199984 2.108562 1561.199984 -2.080229 8241.159663 0.008774
113 10.704437 1561.097982 2.108562 1561.097982 -2.080229 8241.159663 0.008774
114 10.704373 1560.995075 2.108561 1560.995075 -2.080229 8241.159663 0.008774
115 10.704307 1560.891274 2.108561 1560.891274 -2.080229 8241.159663 0.008774
116 10.704241 1560.786588 2.108561 1560.786588 -2.080229 8241.159663 0.008774
117 10.704175 1560.681027 2.108561 1560.681027 -2.080229 8241.159663 0.008774
118 10.704107 1560.574601 2.108561 1560.574601 -2.080229 8241.159663 0.008774
119 10.704039 1560.467319 2.108561 1560.467319 -2.080229 8241.159663 0.008774
120 10.703971 1560.359192 2.108561 1560.359192 -2.080230 8241.159663 0.008774
121 10.703901 1560.250227 2.108560 1560.250227 -2.080230 8241.159663 0.008774
122 10.703831 1560.140436 2.108560 1560.140436 -2.080230 8241.159663 0.008774
123 10.703761 1560.029828 2.108560 1560.029828 -2.080230 8241.159663 0.008774
124 10.703690 1559.918411 2.108560 1559.918411 -2.080230 8241.159663 0.008774
125 10.703618 1559.806196 2.108560 1559.806196 -2.080230 8241.159663 0.008774
126 10.703545 1559.693192 2.108560 1559.693192 -2.080230 8241.159663 0.008774
127 10.703472 1559.579409 2.108560 1559.579409 -2.080231 8241.159663 0.008774
128 10.703399 1559.464855 2.108560 1559.464855 -2.080231 8241.159663 0.008774
129 10.703324 1559.349539 2.108559 1559.349539 -2.080231 8241.159663 0.008774
130 10.703250 1559.233472 2.108559 1559.233472 -2.080231 8241.159663 0.008774
131 10.703174 1559.116661 2.108559 1559.116661 -2.080231 8241.159663 0.008774
132 10.703098 1558.999116 2.108559 1558.999116 -2.080231 8241.159663 0.008774
133 10.703021 1558.880846 2.108559 1558.880846 -2.080231 8241.159663 0.008774
134 10.702944 1558.761860 2.108559 1558.761860 -2.080231 8241.159663 0.008774
135 10.702866 1558.642167 2.108559 1558.642167 -2.080232 8241.159663 0.008774
136 10.702788 1558.521775 2.108558 1558.521775 -2.080232 8241.159663 0.008774
137 10.702709 1558.400693 2.108558 1558.400693 -2.080232 8241.159663 0.008774
138 10.702629 1558.278929 2.108558 1558.278929 -2.080232 8241.159663 0.008774
139 10.702549 1558.156493 2.108558 1558.156493 -2.080232 8241.159663 0.008774
140 10.702468 1558.033392 2.108558 1558.033392 -2.080232 8241.159663 0.008774
141 10.702387 1557.909635 2.108558 1557.909635 -2.080232 8241.159663 0.008774
142 10.702305 1557.785230 2.108558 1557.785230 -2.080233 8241.159663 0.008774
143 10.702223 1557.660186 2.108557 1557.660186 -2.080233 8241.159663 0.008774
144 10.702140 1557.534510 2.108557 1557.534510 -2.080233 8241.159663 0.008774
145 10.702057 1557.408211 2.108557 1557.408211 -2.080233 8241.159663 0.008774
146 10.701973 1557.281297 2.108557 1557.281297 -2.080233 8241.159663 0.008774
147 10.701888 1557.153775 2.108557 1557.153775 -2.080233 8241.159663 0.008774
148 10.701804 1557.025654 2.108557 1557.025654 -2.080234 8241.159663 0.008774
149 10.701718 1556.896941 2.108557 1556.896941 -2.080234 8241.159663 0.008774
150 10.701632 1556.767643 2.108556 1556.767643 -2.080234 8241.159663 0.008774
151 10.701545 1556.637770 2.108556 1556.637770 -2.080234 8241.159663 0.008774
152 10.701458 1556.507327 2.108556 1556.507327 -2.080234 8241.159663 0.008774
153 10.701371 1556.376323 2.108556 1556.376323 -2.080234 8241.159663 0.008774
154 10.701283 1556.244764 2.108556 1556.244764 -2.080234 8241.159663 0.008774
155 10.701194 1556.112659 2.108556 1556.112659 -2.080235 8241.159663 0.008774
156 10.701105 1555.980014 2.108555 1555.980014 -2.080235 8241.159663 0.008774
157 10.701016 1555.846836 2.108555 1555.846836 -2.080235 8241.159663 0.008774
158 10.700926 1555.713133 2.108555 1555.713133 -2.080235 8241.159663 0.008774
159 10.700835 1555.578911 2.108555 1555.578911 -2.080235 8241.159663 0.008774
160 10.700744 1555.444177 2.108555 1555.444177 -2.080235 8241.159663 0.008774
161 10.700653 1555.308939 2.108555 1555.308939 -2.080236 8241.159663 0.008774
162 10.700561 1555.173203 2.108555 1555.173203 -2.080236 8241.159663 0.008774
163 10.700469 1555.036975 2.108554 1555.036975 -2.080236 8241.159663 0.008774
164 10.700376 1554.900262 2.108554 1554.900262 -2.080236 8241.159663 0.008774
165 10.700283 1554.763071 2.108554 1554.763071 -2.080236 8241.159663 0.008774
166 10.700189 1554.625408 2.108554 1554.625408 -2.080236 8241.159663 0.008774
167 10.700095 1554.487279 2.108554 1554.487279 -2.080236 8241.159663 0.008774
168 10.700000 1554.348691 2.108554 1554.348691 -2.080237 8241.159663 0.008774
169 10.699905 1554.209650 2.108553 1554.209650 -2.080237 8241.159663 0.008774
170 10.699810 1554.070162 2.108553 1554.070162 -2.080237 8241.159663 0.008774
171 10.699714 1553.930232 2.108553 1553.930232 -2.080237 8241.159663 0.008774
172 10.699617 1553.789868 2.108553 1553.789868 -2.080237 8241.159663 0.008774
173 10.699521 1553.649075 2.108553 1553.649075 -2.080237 8241.159663 0.008774
174 10.699423 1553.507859 2.108553 1553.507859 -2.080238 8241.159663 0.008774
175 10.699326 1553.366225 2.108552 1553.366225 -2.080238 8241.159663 0.008774
176 10.699228 1553.224180 2.108552 1553.224180 -2.080238 8241.159663 0.008774
177 10.699129 1553.081728 2.108552 1553.081728 -2.080238 8241.159663 0.008774
178 10.699030 1552.938876 2.108552 1552.938876 -2.080238 8241.159663 0.008774
179 10.698931 1552.795628 2.108552 1552.795628 -2.080238 8241.159663 0.008774
180 10.698831 1552.651991 2.108552 1552.651991 -2.080239 8241.159663 0.008774
181 10.698731 1552.507969 2.108551 1552.507969 -2.080239 8241.159663 0.008774
182 10.698631 1552.363568 2.108551 1552.363568 -2.080239 8241.159663 0.008774
183 10.698530 1552.218794 2.108551 1552.218794 -2.080239 8241.159663 0.008774
184 10.698429 1552.073650 2.108551 1552.073650 -2.080239 8241.159663 0.008774
185 10.698327 1551.928143 2.108551 1551.928143 -2.080239 8241.159663 0.008774
186 10.698225 1551.782277 2.108551 1551.782277 -2.080240 8241.159663 0.008774
187 10.698123 1551.636057 2.108550 1551.636057 -2.080240 8241.159663 0.008774
188 10.698020 1551.489488 2.108550 1551.489488 -2.080240 8241.159663 0.008774
189 10.697917 1551.342576 2.108550 1551.342576 -2.080240 8241.159663 0.008774
190 10.697813 1551.195323 2.108550 1551.195323 -2.080240 8241.159663 0.008774
191 10.697709 1551.047736 2.108550 1551.047736 -2.080241 8241.159663 0.008774
192 10.697605 1550.899819 2.108550 1550.899819 -2.080241 8241.159663 0.008774
193 10.697500 1550.751576 2.108549 1550.751576 -2.080241 8241.159663 0.008774
194 10.697395 1550.603013 2.108549 1550.603013 -2.080241 8241.159663 0.008774
195 10.697290 1550.454132 2.108549 1550.454132 -2.080241 8241.159663 0.008774
196 10.697184 1550.304940 2.108549 1550.304940 -2.080241 8241.159663 0.008774
197 10.697078 1550.155439 2.108549 1550.155439 -2.080242 8241.159663 0.008774
198 10.696972 1550.005635 2.108548 1550.005635 -2.080242 8241.159663 0.008774
199 10.696865 1549.855531 2.108548 1549.855531 -2.080242 8241.159663 0.008774
200 10.696758 1549.705131 2.108548 1549.705131 -2.080242 8241.159663 0.008774
201 10.696650 1549.554441 2.108548 1549.554441 -2.080242 8241.159663 0.008774
202 10.696543 1549.403463 2.108548 1549.403463 -2.080243 8241.159663 0.008774
203 10.696434 1549.252202 2.108548 1549.252202 -2.080243 8241.159663 0.008774
204 10.696326 1549.100661 2.108547 1549.100661 -2.080243 8241.159663 0.008774
205 10.696217 1548.948845 2.108547 1548.948845 -2.080243 8241.159663 0.008774
206 10.696108 1548.796757 2.108547 1548.796757 -2.080243 8241.159663 0.008774
207 10.695999 1548.644401 2.108547 1548.644401 -2.080243 8241.159663 0.008774
208 10.695889 1548.491780 2.108547 1548.491780 -2.080244 8241.159663 0.008774
209 10.695779 1548.338899 2.108546 1548.338899 -2.080244 8241.159663 0.008774
210 10.695668 1548.185761 2.108546 1548.185761 -2.080244 8241.159663 0.008774
211 10.695557 1548.032369 2.108546 1548.032369 -2.080244 8241.159663 0.008774
212 10.695446 1547.878727 2.108546 1547.878727 -2.080244 8241.159663 0.008774
213 10.695335 1547.724838 2.108546 1547.724838 -2.080245 8241.159663 0.008774
214 10.695223 1547.570706 2.108545 1547.570706 -2.080245 8241.159663 0.008774
215 10.695111 1547.416334 2.108545 1547.416334 -2.080245 8241.159663 0.008774
216 10.694999 1547.261725 2.108545 1547.261725 -2.080245 8241.159663 0.008774
217 10.694886 1547.106883 2.108545 1547.106883 -2.080245 8241.159663 0.008774
218 10.694774 1546.951811 2.108545 1546.951811 -2.080246 8241.159663 0.008774
219 10.694660 1546.796511 2.108544 1546.796511 -2.080246 8241.159663 0.008774
220 10.694547 1546.640988 2.108544 1546.640988 -2.080246 8241.159663 0.008774
221 10.694433 1546.485243 2.108544 1546.485243 -2.080246 8241.159663 0.008774
222 10.694319 1546.329280 2.108544 1546.329280 -2.080246 8241.159663 0.008774
223 10.694205 1546.173103 2.108544 1546.173103 -2.080247 8241.159663 0.008774
224 10.694090 1546.016713 2.108543 1546.016713 -2.080247 8241.159663 0.008774
225 10.693975 1545.860114 2.108543 1545.860114 -2.080247 8241.159663 0.008774
226 10.693860 1545.703309 2.108543 1545.703309 -2.080247 8241.159663 0.008774
227 10.693744 1545.546300 2.108543 1545.546300 -2.080247 8241.159663 0.008774
228 10.693629 1545.389090 2.108543 1545.389090 -2.080248 8241.159663 0.008774
229 10.693513 1545.231682 2.108542 1545.231682 -2.080248 8241.159663 0.008774
230 10.693396 1545.074078 2.108542 1545.074078 -2.080248 8241.159663 0.008774
231 10.693280 1544.916281 2.108542 1544.916281 -2.080248 8241.159663 0.008774
232 10.693163 1544.758294 2.108542 1544.758294 -2.080248 8241.159663 0.008774
233 10.693046 1544.600119 2.108542 1544.600119 -2.080249 8241.159663 0.008774
234 10.692928 1544.441759 2.108541 1544.441759 -2.080249 8241.159663 0.008774
235 10.692810 1544.283216 2.108541 1544.283216 -2.080249 8241.159663 0.008774
236 10.692693 1544.124492 2.108541 1544.124492 -2.080249 8241.159663 0.008774
237 10.692574 1543.965591 2.108541 1543.965591 -2.080249 8241.159663 0.008774
238 10.692456 1543.806513 2.108541 1543.806513 -2.080250 8241.159663 0.008774
239 10.692337 1543.647262 2.108540 1543.647262 -2.080250 8241.159663 0.008774
240 10.692218 1543.487840 2.108540 1543.487840 -2.080250 8241.159663 0.008774
241 10.692099 1543.328249 2.108540 1543.328249 -2.080250 8241.159663 0.008774
242 10.691979 1543.168491 2.108540 1543.168491 -2.080250 8241.159663 0.008774
243 10.691860 1543.008569 2.108540 1543.008569 -2.080251 8241.159663 0.008774
244 10.691740 1542.848484 2.108539 1542.848484 -2.080251 8241.159663 0.008774
245 10.691620 1542.688238 2.108539 1542.688238 -2.080251 8241.159663 0.008774
246 10.691499 1542.527834 2.108539 1542.527834 -2.080251 8241.159663 0.008774
247 10.691378 1542.367274 2.108539 1542.367274 -2.080252 8241.159663 0.008774
248 10.691257 1542.206559 2.108538 1542.206559 -2.080252 8241.159663 0.008774
249 10.691136 1542.045692 2.108538 1542.045692 -2.080252 8241.159663 0.008774
250 10.691015 1541.884675 2.108538 1541.884675 -2.080252 8241.159663 0.008774
251 10.690893 1541.723509 2.108538 1541.723509 -2.080252 8241.159663 0.008774
252 10.690771 1541.562196 2.108538 1541.562196 -2.080253 8241.159663 0.008774
253 10.690649 1541.400738 2.108537 1541.400738 -2.080253 8241.159663 0.008774
254 10.690526 1541.239137 2.108537 1541.239137 -2.080253 8241.159663 0.008774
255 10.690404 1541.077394 2.108537 1541.077394 -2.080253 8241.159663 0.008774
256 10.690281 1540.915512 2.108537 1540.915512 -2.080253 8241.159663 0.008774
257 10.690158 1540.753492 2.108537 1540.753492 -2.080254 8241.159663 0.008774
258 10.690035 1540.591335 2.108536 1540.591335 -2.080254 8241.159663 0.008774
259 10.689911 1540.429044 2.108536 1540.429044 -2.080254 8241.159663 0.008774
260 10.689787 1540.266619 2.108536 1540.266619 -2.080254 8241.159663 0.008774
261 10.689663 1540.104063 2.108536 1540.104063 -2.080255 8241.159663 0.008774
262 10.689539 1539.941377 2.108535 1539.941377 -2.080255 8241.159663 0.008774
263 10.689415 1539.778563 2.108535 1539.778563 -2.080255 8241.159663 0.008774
264 10.689290 1539.615621 2.108535 1539.615621 -2.080255 8241.159663 0.008774
265 10.689165 1539.452555 2.108535 1539.452555 -2.080255 8241.159663 0.008774
266 10.689040 1539.289364 2.108534 1539.289364 -2.080256 8241.159663 0.008774
267 10.688915 1539.126050 2.108534 1539.126050 -2.080256 8241.159663 0.008774
268 10.688789 1538.962615 2.108534 1538.962615 -2.080256 8241.159663 0.008774
269 10.688664 1538.799060 2.108534 1538.799060 -2.080256 8241.159663 0.008774
270 10.688538 1538.635387 2.108534 1538.635387 -2.080257 8241.159663 0.008774
271 10.688411 1538.471596 2.108533 1538.471596 -2.080257 8241.159663 0.008774
272 10.688285 1538.307689 2.108533 1538.307689 -2.080257 8241.159663 0.008774
273 10.688159 1538.143667 2.108533 1538.143667 -2.080257 8241.159663 0.008774
274 10.688032 1537.979532 2.108533 1537.979532 -2.080258 8241.159663 0.008774
275 10.687905 1537.815285 2.108532 1537.815285 -2.080258 8241.159663 0.008774
276 10.687778 1537.650926 2.108532 1537.650926 -2.080258 8241.159663 0.008774
277 10.687650 1537.486458 2.108532 1537.486458 -2.080258 8241.159663 0.008774
278 10.687523 1537.321880 2.108532 1537.321880 -2.080258 8241.159663 0.008774
279 10.687395 1537.157195 2.108531 1537.157195 -2.080259 8241.159663 0.008774
280 10.687267 1536.992403 2.108531 1536.992403 -2.080259 8241.159663 0.008774
281 10.687139 1536.827505 2.108531 1536.827505 -2.080259 8241.159663 0.008774
282 10.687010 1536.662503 2.108531 1536.662503 -2.080259 8241.159663 0.008774
283 10.686882 1536.497397 2.108531 1536.497397 -2.080260 8241.159663 0.008774
284 10.686753 1536.332189 2.108530 1536.332189 -2.080260 8241.159663 0.008774
285 10.686624 1536.166879 2.108530 1536.166879 -2.080260 8241.159663 0.008774
286 10.686495 1536.001468 2.108530 1536.001468 -2.080260 8241.159663 0.008774
287 10.686366 1535.835957 2.108530 1535.835957 -2.080261 8241.159663 0.008774
288 10.686236 1535.670348 2.108529 1535.670348 -2.080261 8241.159663 0.008774
289 10.686106 1535.504641 2.108529 1535.504641 -2.080261 8241.159663 0.008774
290 10.685976 1535.338836 2.108529 1535.338836 -2.080261 8241.159663 0.008774
291 10.685846 1535.172936 2.108529 1535.172936 -2.080262 8241.159663 0.008774
292 10.685716 1535.006939 2.108528 1535.006939 -2.080262 8241.159663 0.008774
293 10.685586 1534.840849 2.108528 1534.840849 -2.080262 8241.159663 0.008774
294 10.685455 1534.674664 2.108528 1534.674664 -2.080262 8241.159663 0.008774
295 10.685324 1534.508386 2.108528 1534.508386 -2.080263 8241.159663 0.008774
296 10.685193 1534.342016 2.108527 1534.342016 -2.080263 8241.159663 0.008774
297 10.685062 1534.175554 2.108527 1534.175554 -2.080263 8241.159663 0.008774
298 10.684930 1534.009001 2.108527 1534.009001 -2.080263 8241.159663 0.008774
299 10.684799 1533.842358 2.108527 1533.842358 -2.080264 8241.159663 0.008774
300 10.684667 1533.675626 2.108526 1533.675626 -2.080264 8241.159663 0.008774
301 10.684535 1533.508804 2.108526 1533.508804 -2.080264 8241.159663 0.008774
302 10.684403 1533.341894 2.108526 1533.341894 -2.080264 8241.159663 0.008774
303 10.684271 1533.174897 2.108526 1533.174897 -2.080265 8241.159663 0.008774
304 10.684138 1533.007812 2.108525 1533.007812 -2.080265 8241.159663 0.008774
305 10.684006 1532.840640 2.108525 1532.840640 -2.080265 8241.159663 0.008774
306 10.683873 1532.673383 2.108525 1532.673383 -2.080265 8241.159663 0.008774
307 10.683740 1532.506040 2.108525 1532.506040 -2.080266 8241.159663 0.008774
308 10.683607 1532.338612 2.108524 1532.338612 -2.080266 8241.159663 0.008774
309 10.683473 1532.171100 2.108524 1532.171100 -2.080266 8241.159663 0.008774
310 10.683340 1532.003504 2.108524 1532.003504 -2.080266 8241.159663 0.008774
311 10.683206 1531.835824 2.108524 1531.835824 -2.080267 8241.159663 0.008774
312 10.683072 1531.668062 2.108523 1531.668062 -2.080267 8241.159663 0.008774
313 10.682938 1531.500216 2.108523 1531.500216 -2.080267 8241.159663 0.008774
314 10.682804 1531.332289 2.108523 1531.332289 -2.080267 8241.159663 0.008774
315 10.682670 1531.164279 2.108523 1531.164279 -2.080268 8241.159663 0.008774
316 10.682535 1530.996189 2.108522 1530.996189 -2.080268 8241.159663 0.008774
317 10.682401 1530.828017 2.108522 1530.828017 -2.080268 8241.159663 0.008774
318 10.682266 1530.659764 2.108522 1530.659764 -2.080268 8241.159663 0.008774
319 10.682131 1530.491432 2.108522 1530.491432 -2.080269 8241.159663 0.008774
320 10.681996 1530.323019 2.108521 1530.323019 -2.080269 8241.159663 0.008774
321 10.681860 1530.154526 2.108521 1530.154526 -2.080269 8241.159663 0.008774
322 10.681725 1529.985954 2.108521 1529.985954 -2.080269 8241.159663 0.008774
323 10.681589 1529.817303 2.108520 1529.817303 -2.080270 8241.159663 0.008774
324 10.681453 1529.648573 2.108520 1529.648573 -2.080270 8241.159663 0.008774
325 10.681317 1529.479765 2.108520 1529.479765 -2.080270 8241.159663 0.008774
326 10.681181 1529.310878 2.108520 1529.310878 -2.080271 8241.159663 0.008774
327 10.681045 1529.141913 2.108519 1529.141913 -2.080271 8241.159663 0.008774
328 10.680908 1528.972870 2.108519 1528.972870 -2.080271 8241.159663 0.008774
329 10.680772 1528.803749 2.108519 1528.803749 -2.080271 8241.159663 0.008774
330 10.680635 1528.634550 2.108519 1528.634550 -2.080272 8241.159663 0.008774
331 10.680498 1528.465274 2.108518 1528.465274 -2.080272 8241.159663 0.008774
332 10.680361 1528.295921 2.108518 1528.295921 -2.080272 8241.159663 0.008774
333 10.680224 1528.126491 2.108518 1528.126491 -2.080272 8241.159663 0.008774
334 10.680086 1527.956983 2.108517 1527.956983 -2.080273 8241.159663 0.008774
335 10.679949 1527.787399 2.108517 1527.787399 -2.080273 8241.159663 0.008774
336 10.679811 1527.617738 2.108517 1527.617738 -2.080273 8241.159663 0.008774
337 10.679673 1527.448000 2.108517 1527.448000 -2.080274 8241.159663 0.008774
338 10.679535 1527.278185 2.108516 1527.278185 -2.080274 8241.159663 0.008774
339 10.679397 1527.108294 2.108516 1527.108294 -2.080274 8241.159663 0.008774
340 10.679259 1526.938326 2.108516 1526.938326 -2.080274 8241.159663 0.008774
341 10.679120 1526.768282 2.108516 1526.768282 -2.080275 8241.159663 0.008774
342 10.678981 1526.598161 2.108515 1526.598161 -2.080275 8241.159663 0.008774
343 10.678843 1526.427964 2.108515 1526.427964 -2.080275 8241.159663 0.008774
344 10.678704 1526.257689 2.108515 1526.257689 -2.080275 8241.159663 0.008774
345 10.678565 1526.087339 2.108514 1526.087339 -2.080276 8241.159663 0.008774
346 10.678425 1525.916912 2.108514 1525.916912 -2.080276 8241.159663 0.008774
347 10.678286 1525.746408 2.108514 1525.746408 -2.080276 8241.159663 0.008774
348 10.678146 1525.575827 2.108514 1525.575827 -2.080277 8241.159663 0.008774
349 10.678007 1525.405170 2.108513 1525.405170 -2.080277 8241.159663 0.008774
350 10.677867 1525.234435 2.108513 1525.234435 -2.080277 8241.159663 0.008774
351 10.677727 1525.063624 2.108513 1525.063624 -2.080277 8241.159663 0.008774
352 10.677587 1524.892736 2.108513 1524.892736 -2.080278 8241.159663 0.008774
353 10.677446 1524.721770 2.108512 1524.721770 -2.080278 8241.159663 0.008774
354 10.677306 1524.550727 2.108512 1524.550727 -2.080278 8241.159663 0.008774
355 10.677165 1524.379607 2.108512 1524.379607 -2.080279 8241.159663 0.008774
356 10.677024 1524.208409 2.108511 1524.208409 -2.080279 8241.159663 0.008774
357 10.676884 1524.037133 2.108511 1524.037133 -2.080279 8241.159663 0.008774
358 10.676743 1523.865780 2.108511 1523.865780 -2.080279 8241.159663 0.008774
359 10.676601 1523.694348 2.108510 1523.694348 -2.080280 8241.159663 0.008774
360 10.676460 1523.522838 2.108510 1523.522838 -2.080280 8241.159663 0.008774
361 10.676319 1523.351249 2.108510 1523.351249 -2.080280 8241.159663 0.008774
362 10.676177 1523.179581 2.108510 1523.179581 -2.080281 8241.159663 0.008774
363 10.676035 1523.007835 2.108509 1523.007835 -2.080281 8241.159663 0.008774
364 10.675893 1522.836009 2.108509 1522.836009 -2.080281 8241.159663 0.008774
365 10.675751 1522.664103 2.108509 1522.664103 -2.080281 8241.159663 0.008774
366 10.675609 1522.492118 2.108508 1522.492118 -2.080282 8241.159663 0.008774
367 10.675467 1522.320053 2.108508 1522.320053 -2.080282 8241.159663 0.008774
368 10.675324 1522.147907 2.108508 1522.147907 -2.080282 8241.159663 0.008774
369 10.675182 1521.975681 2.108508 1521.975681 -2.080283 8241.159663 0.008774
370 10.675039 1521.803374 2.108507 1521.803374 -2.080283 8241.159663 0.008774
371 10.674896 1521.630986 2.108507 1521.630986 -2.080283 8241.159663 0.008774
372 10.674753 1521.458515 2.108507 1521.458515 -2.080284 8241.159663 0.008774
373 10.674610 1521.285963 2.108506 1521.285963 -2.080284 8241.159663 0.008774
374 10.674466 1521.113329 2.108506 1521.113329 -2.080284 8241.159663 0.008774
375 10.674323 1520.940612 2.108506 1520.940612 -2.080284 8241.159663 0.008774
376 10.674179 1520.767812 2.108506 1520.767812 -2.080285 8241.159663 0.008774
377 10.674035 1520.594929 2.108505 1520.594929 -2.080285 8241.159663 0.008774
378 10.673891 1520.421961 2.108505 1520.421961 -2.080285 8241.159663 0.008774
379 10.673747 1520.248910 2.108505 1520.248910 -2.080286 8241.159663 0.008774
380 10.673603 1520.075774 2.108504 1520.075774 -2.080286 8241.159663 0.008774
381 10.673459 1519.902552 2.108504 1519.902552 -2.080286 8241.159663 0.008774
382 10.673314 1519.729246 2.108504 1519.729246 -2.080286 8241.159663 0.008774
383 10.673170 1519.555853 2.108503 1519.555853 -2.080287 8241.159663 0.008774
384 10.673025 1519.382374 2.108503 1519.382374 -2.080287 8241.159663 0.008774
385 10.672880 1519.208808 2.108503 1519.208808 -2.080287 8241.159663 0.008774
386 10.672735 1519.035155 2.108502 1519.035155 -2.080288 8241.159663 0.008774
387 10.672590 1518.861414 2.108502 1518.861414 -2.080288 8241.159663 0.008774
388 10.672444 1518.687585 2.108502 1518.687585 -2.080288 8241.159663 0.008774
389 10.672299 1518.513667 2.108502 1518.513667 -2.080289 8241.159663 0.008774
390 10.672153 1518.339659 2.108501 1518.339659 -2.080289 8241.159663 0.008774
391 10.672007 1518.165562 2.108501 1518.165562 -2.080289 8241.159663 0.008774
392 10.671862 1517.991375 2.108501 1517.991375 -2.080290 8241.159663 0.008774
393 10.671716 1517.817096 2.108500 1517.817096 -2.080290 8241.159663 0.008774
394 10.671569 1517.642726 2.108500 1517.642726 -2.080290 8241.159663 0.008774
395 10.671423 1517.468264 2.108500 1517.468264 -2.080290 8241.159663 0.008774
396 10.671277 1517.293709 2.108499 1517.293709 -2.080291 8241.159663 0.008774
397 10.671130 1517.119061 2.108499 1517.119061 -2.080291 8241.159663 0.008774
398 10.670983 1516.944320 2.108499 1516.944320 -2.080291 8241.159663 0.008774
399 10.670836 1516.769484 2.108498 1516.769484 -2.080292 8241.159663 0.008774
400 10.670689 1516.594553 2.108498 1516.594553 -2.080292 8241.159663 0.008774
401 10.670542 1516.419526 2.108498 1516.419526 -2.080292 8241.159663 0.008774
402 10.670395 1516.244403 2.108498 1516.244403 -2.080293 8241.159663 0.008774
403 10.670247 1516.069183 2.108497 1516.069183 -2.080293 8241.159663 0.008774
404 10.670100 1515.893866 2.108497 1515.893866 -2.080293 8241.159663 0.008774
405 10.669952 1515.718451 2.108497 1515.718451 -2.080294 8241.159663 0.008774
406 10.669804 1515.542936 2.108496 1515.542936 -2.080294 8241.159663 0.008774
407 10.669656 1515.367322 2.108496 1515.367322 -2.080294 8241.159663 0.008774
408 10.669508 1515.191608 2.108496 1515.191608 -2.080295 8241.159663 0.008774
409 10.669360 1515.015793 2.108495 1515.015793 -2.080295 8241.159663 0.008774
410 10.669211 1514.839876 2.108495 1514.839876 -2.080295 8241.159663 0.008774
411 10.669063 1514.663857 2.108495 1514.663857 -2.080296 8241.159663 0.008774
412 10.668914 1514.487735 2.108494 1514.487735 -2.080296 8241.159663 0.008774
413 10.668765 1514.311509 2.108494 1514.311509 -2.080296 8241.159663 0.008774
414 10.668616 1514.135178 2.108494 1514.135178 -2.080297 8241.159663 0.008774
415 10.668467 1513.958742 2.108493 1513.958742 -2.080297 8241.159663 0.008774
416 10.668318 1513.782200 2.108493 1513.782200 -2.080297 8241.159663 0.008774
417 10.668168 1513.605552 2.108493 1513.605552 -2.080298 8241.159663 0.008774
418 10.668019 1513.428795 2.108492 1513.428795 -2.080298 8241.159663 0.008774
419 10.667869 1513.251930 2.108492 1513.251930 -2.080298 8241.159663 0.008774
420 10.667719 1513.074956 2.108492 1513.074956 -2.080298 8241.159663 0.008774
421 10.667569 1512.897872 2.108491 1512.897872 -2.080299 8241.159663 0.008774
422 10.667419 1512.720677 2.108491 1512.720677 -2.080299 8241.159663 0.008774
423 10.667268 1512.543370 2.108491 1512.543370 -2.080299 8241.159663 0.008774
424 10.667118 1512.365950 2.108490 1512.365950 -2.080300 8241.159663 0.008774
425 10.666967 1512.188418 2.108490 1512.188418 -2.080300 8241.159663 0.008774
426 10.666817 1512.010770 2.108490 1512.010770 -2.080300 8241.159663 0.008774
427 10.666666 1511.833008 2.108489 1511.833008 -2.080301 8241.159663 0.008774
428 10.666515 1511.655130 2.108489 1511.655130 -2.080301 8241.159663 0.008774
429 10.666364 1511.477135 2.108489 1511.477135 -2.080301 8241.159663 0.008774
430 10.666212 1511.299022 2.108488 1511.299022 -2.080302 8241.159663 0.008774
431 10.666061 1511.120790 2.108488 1511.120790 -2.080302 8241.159663 0.008774
432 10.665909 1510.942439 2.108488 1510.942439 -2.080302 8241.159663 0.008774
433 10.665758 1510.763967 2.108487 1510.763967 -2.080303 8241.159663 0.008774
434 10.665606 1510.585373 2.108487 1510.585373 -2.080303 8241.159663 0.008774
435 10.665454 1510.406657 2.108487 1510.406657 -2.080303 8241.159663 0.008774
436 10.665302 1510.227818 2.108486 1510.227818 -2.080304 8241.159663 0.008774
437 10.665149 1510.048854 2.108486 1510.048854 -2.080304 8241.159663 0.008774
438 10.664997 1509.869765 2.108486 1509.869765 -2.080304 8241.159663 0.008774
439 10.664844 1509.690549 2.108485 1509.690549 -2.080305 8241.159663 0.008774
440 10.664691 1509.511206 2.108485 1509.511206 -2.080305 8241.159663 0.008774
441 10.664538 1509.331735 2.108485 1509.331735 -2.080306 8241.159663 0.008774
442 10.664385 1509.152134 2.108484 1509.152134 -2.080306 8241.159663 0.008774
443 10.664232 1508.972403 2.108484 1508.972403 -2.080306 8241.159663 0.008774
444 10.664079 1508.792541 2.108484 1508.792541 -2.080307 8241.159663 0.008774
445 10.663925 1508.612545 2.108483 1508.612545 -2.080307 8241.159663 0.008774
446 10.663772 1508.432417 2.108483 1508.432417 -2.080307 8241.159663 0.008774
447 10.663618 1508.252153 2.108483 1508.252153 -2.080308 8241.159663 0.008774
448 10.663464 1508.071754 2.108482 1508.071754 -2.080308 8241.159663 0.008774
449 10.663310 1507.891218 2.108482 1507.891218 -2.080308 8241.159663 0.008774
450 10.663156 1507.710544 2.108482 1507.710544 -2.080309 8241.159663 0.008774
451 10.663001 1507.529731 2.108481 1507.529731 -2.080309 8241.159663 0.008774
452 10.662847 1507.348778 2.108481 1507.348778 -2.080309 8241.159663 0.008774
453 10.662692 1507.167683 2.108481 1507.167683 -2.080310 8241.159663 0.008774
454 10.662537 1506.986446 2.108480 1506.986446 -2.080310 8241.159663 0.008774
455 10.662382 1506.805065 2.108480 1506.805065 -2.080310 8241.159663 0.008774
456 10.662227 1506.623540 2.108479 1506.623540 -2.080311 8241.159663 0.008774
457 10.662072 1506.441869 2.108479 1506.441869 -2.080311 8241.159663 0.008774
458 10.661916 1506.260050 2.108479 1506.260050 -2.080311 8241.159663 0.008774
459 10.661761 1506.078083 2.108478 1506.078083 -2.080312 8241.159663 0.008774
460 10.661605 1505.895966 2.108478 1505.895966 -2.080312 8241.159663 0.008774
461 10.661449 1505.713699 2.108478 1505.713699 -2.080312 8241.159663 0.008774
462 10.661293 1505.531280 2.108477 1505.531280 -2.080313 8241.159663 0.008774
463 10.661136 1505.348707 2.108477 1505.348707 -2.080313 8241.159663 0.008774
464 10.660980 1505.165980 2.108477 1505.165980 -2.080314 8241.159663 0.008774
465 10.660824 1504.983097 2.108476 1504.983097 -2.080314 8241.159663 0.008774
466 10.660667 1504.800057 2.108476 1504.800057 -2.080314 8241.159663 0.008774
467 10.660510 1504.616859 2.108476 1504.616859 -2.080315 8241.159663 0.008774
468 10.660353 1504.433500 2.108475 1504.433500 -2.080315 8241.159663 0.008774
469 10.660196 1504.249981 2.108475 1504.249981 -2.080315 8241.159663 0.008774
470 10.660038 1504.066300 2.108474 1504.066300 -2.080316 8241.159663 0.008774
471 10.659881 1503.882455 2.108474 1503.882455 -2.080316 8241.159663 0.008774
472 10.659723 1503.698445 2.108474 1503.698445 -2.080316 8241.159663 0.008774
473 10.659565 1503.514268 2.108473 1503.514268 -2.080317 8241.159663 0.008774
474 10.659407 1503.329924 2.108473 1503.329924 -2.080317 8241.159663 0.008774
475 10.659249 1503.145411 2.108473 1503.145411 -2.080318 8241.159663 0.008774
476 10.659091 1502.960727 2.108472 1502.960727 -2.080318 8241.159663 0.008774
477 10.658932 1502.775871 2.108472 1502.775871 -2.080318 8241.159663 0.008774
478 10.658774 1502.590842 2.108472 1502.590842 -2.080319 8241.159663 0.008774
479 10.658615 1502.405638 2.108471 1502.405638 -2.080319 8241.159663 0.008774
480 10.658456 1502.220257 2.108471 1502.220257 -2.080319 8241.159663 0.008774
481 10.658297 1502.034699 2.108470 1502.034699 -2.080320 8241.159663 0.008774
482 10.658138 1501.848962 2.108470 1501.848962 -2.080320 8241.159663 0.008774
483 10.657978 1501.663044 2.108470 1501.663044 -2.080321 8241.159663 0.008774
484 10.657818 1501.476944 2.108469 1501.476944 -2.080321 8241.159663 0.008774
485 10.657659 1501.290661 2.108469 1501.290661 -2.080321 8241.159663 0.008774
486 10.657499 1501.104192 2.108469 1501.104192 -2.080322 8241.159663 0.008774
487 10.657338 1500.917536 2.108468 1500.917536 -2.080322 8241.159663 0.008774
488 10.657178 1500.730692 2.108468 1500.730692 -2.080322 8241.159663 0.008774
489 10.657018 1500.543658 2.108467 1500.543658 -2.080323 8241.159663 0.008774
490 10.656857 1500.356433 2.108467 1500.356433 -2.080323 8241.159663 0.008774
491 10.656696 1500.169014 2.108467 1500.169014 -2.080324 8241.159663 0.008774
492 10.656535 1499.981401 2.108466 1499.981401 -2.080324 8241.159663 0.008774
493 10.656374 1499.793592 2.108466 1499.793592 -2.080324 8241.159663 0.008774
494 10.656213 1499.605585 2.108466 1499.605585 -2.080325 8241.159663 0.008774
495 10.656051 1499.417378 2.108465 1499.417378 -2.080325 8241.159663 0.008774
496 10.655889 1499.228970 2.108465 1499.228970 -2.080325 8241.159663 0.008774
497 10.655727 1499.040359 2.108464 1499.040359 -2.080326 8241.159663 0.008774
498 10.655565 1498.851543 2.108464 1498.851543 -2.080326 8241.159663 0.008774
499 10.655403 1498.662521 2.108464 1498.662521 -2.080327 8241.159663 0.008774
500 10.655241 1498.473291 2.108463 1498.473291 -2.080327 8241.159663 0.008774
501 10.655078 1498.283851 2.108463 1498.283851 -2.080327 8241.159663 0.008774
502 10.654915 1498.094200 2.108462 1498.094200 -2.080328 8241.159663 0.008774
503 10.654752 1497.904335 2.108462 1497.904335 -2.080328 8241.159663 0.008774
504 10.654589 1497.714255 2.108462 1497.714255 -2.080328 8241.159663 0.008774
505 10.654426 1497.523959 2.108461 1497.523959 -2.080329 8241.159663 0.008774
506 10.654262 1497.333443 2.108461 1497.333443 -2.080329 8241.159663 0.008774
507 10.654099 1497.142707 2.108461 1497.142707 -2.080330 8241.159663 0.008774
508 10.653935 1496.951749 2.108460 1496.951749 -2.080330 8241.159663 0.008774
509 10.653771 1496.760566 2.108460 1496.760566 -2.080330 8241.159663 0.008774
510 10.653607 1496.569157 2.108459 1496.569157 -2.080331 8241.159663 0.008774
511 10.653442 1496.377520 2.108459 1496.377520 -2.080331 8241.159663 0.008774
512 10.653278 1496.185653 2.108459 1496.185653 -2.080332 8241.159663 0.008774
513 10.653113 1495.993555 2.108458 1495.993555 -2.080332 8241.159663 0.008774
514 10.652948 1495.801222 2.108458 1495.801222 -2.080332 8241.159663 0.008774
515 10.652782 1495.608653 2.108457 1495.608653 -2.080333 8241.159663 0.008774
516 10.652617 1495.415847 2.108457 1495.415847 -2.080333 8241.159663 0.008774
517 10.652451 1495.222801 2.108457 1495.222801 -2.080334 8241.159663 0.008774
518 10.652286 1495.029513 2.108456 1495.029513 -2.080334 8241.159663 0.008774
519 10.652120 1494.835981 2.108456 1494.835981 -2.080334 8241.159663 0.008774
520 10.651954 1494.642203 2.108455 1494.642203 -2.080335 8241.159663 0.008774
521 10.651787 1494.448177 2.108455 1494.448177 -2.080335 8241.159663 0.008774
522 10.651621 1494.253902 2.108455 1494.253902 -2.080336 8241.159663 0.008774
523 10.651454 1494.059373 2.108454 1494.059373 -2.080336 8241.159663 0.008774
524 10.651287 1493.864591 2.108454 1493.864591 -2.080336 8241.159663 0.008774
525 10.651120 1493.669552 2.108453 1493.669552 -2.080337 8241.159663 0.008774
526 10.650952 1493.474254 2.108453 1493.474254 -2.080337 8241.159663 0.008774
527 10.650785 1493.278696 2.108453 1493.278696 -2.080338 8241.159663 0.008774
528 10.650617 1493.082874 2.108452 1493.082874 -2.080338 8241.159663 0.008774
529 10.650449 1492.886787 2.108452 1492.886787 -2.080338 8241.159663 0.008774
530 10.650281 1492.690433 2.108451 1492.690433 -2.080339 8241.159663 0.008774
531 10.650112 1492.493808 2.108451 1492.493808 -2.080339 8241.159663 0.008774
532 10.649944 1492.296912 2.108451 1492.296912 -2.080340 8241.159663 0.008774
533 10.649775 1492.099741 2.108450 1492.099741 -2.080340 8241.159663 0.008774
534 10.649606 1491.902294 2.108450 1491.902294 -2.080340 8241.159663 0.008774
535 10.649437 1491.704567 2.108449 1491.704567 -2.080341 8241.159663 0.008774
536 10.649267 1491.506559 2.108449 1491.506559 -2.080341 8241.159663 0.008774
537 10.649097 1491.308266 2.108448 1491.308266 -2.080342 8241.159663 0.008774
538 10.648928 1491.109688 2.108448 1491.109688 -2.080342 8241.159663 0.008774
539 10.648757 1490.910821 2.108448 1490.910821 -2.080343 8241.159663 0.008774
540 10.648587 1490.711662 2.108447 1490.711662 -2.080343 8241.159663 0.008774
541 10.648417 1490.512210 2.108447 1490.512210 -2.080343 8241.159663 0.008774
542 10.648246 1490.312461 2.108446 1490.312461 -2.080344 8241.159663 0.008774
543 10.648075 1490.112414 2.108446 1490.112414 -2.080344 8241.159663 0.008774
544 10.647904 1489.912065 2.108446 1489.912065 -2.080345 8241.159663 0.008774
545 10.647732 1489.711413 2.108445 1489.711413 -2.080345 8241.159663 0.008774
546 10.647560 1489.510454 2.108445 1489.510454 -2.080345 8241.159663 0.008774
547 10.647389 1489.309185 2.108444 1489.309185 -2.080346 8241.159663 0.008774
548 10.647216 1489.107605 2.108444 1489.107605 -2.080346 8241.159663 0.008774
549 10.647044 1488.905710 2.108443 1488.905710 -2.080347 8241.159663 0.008774
550 10.646872 1488.703498 2.108443 1488.703498 -2.080347 8241.159663 0.008774
551 10.646699 1488.500966 2.108443 1488.500966 -2.080348 8241.159663 0.008774
552 10.646526 1488.298112 2.108442 1488.298112 -2.080348 8241.159663 0.008774
553 10.646352 1488.094931 2.108442 1488.094931 -2.080348 8241.159663 0.008774
554 10.646179 1487.891423 2.108441 1487.891423 -2.080349 8241.159663 0.008774
555 10.646005 1487.687583 2.108441 1487.687583 -2.080349 8241.159663 0.008774
556 10.645831 1487.483409 2.108440 1487.483409 -2.080350 8241.159663 0.008774
557 10.645657 1487.278898 2.108440 1487.278898 -2.080350 8241.159663 0.008774
558 10.645482 1487.074047 2.108440 1487.074047 -2.080351 8241.159663 0.008774
559 10.645308 1486.868853 2.108439 1486.868853 -2.080351 8241.159663 0.008774
560 10.645133 1486.663314 2.108439 1486.663314 -2.080352 8241.159663 0.008774
561 10.644957 1486.457425 2.108438 1486.457425 -2.080352 8241.159663 0.008774
562 10.644782 1486.251185 2.108438 1486.251185 -2.080352 8241.159663 0.008774
563 10.644606 1486.044589 2.108437 1486.044589 -2.080353 8241.159663 0.008774
564 10.644430 1485.837636 2.108437 1485.837636 -2.080353 8241.159663 0.008774
565 10.644254 1485.630321 2.108436 1485.630321 -2.080354 8241.159663 0.008774
566 10.644077 1485.422641 2.108436 1485.422641 -2.080354 8241.159663 0.008774
567 10.643901 1485.214594 2.108436 1485.214594 -2.080355 8241.159663 0.008774
568 10.643724 1485.006176 2.108435 1485.006176 -2.080355 8241.159663 0.008774
569 10.643546 1484.797384 2.108435 1484.797384 -2.080355 8241.159663 0.008774
570 10.643369 1484.588215 2.108434 1484.588215 -2.080356 8241.159663 0.008774
571 10.643191 1484.378664 2.108434 1484.378664 -2.080356 8241.159663 0.008774
572 10.643013 1484.168729 2.108433 1484.168729 -2.080357 8241.159663 0.008774
573 10.642835 1483.958407 2.108433 1483.958407 -2.080357 8241.159663 0.008774
574 10.642656 1483.747694 2.108432 1483.747694 -2.080358 8241.159663 0.008774
575 10.642477 1483.536586 2.108432 1483.536586 -2.080358 8241.159663 0.008774
576 10.642298 1483.325080 2.108432 1483.325080 -2.080359 8241.159663 0.008774
577 10.642119 1483.113173 2.108431 1483.113173 -2.080359 8241.159663 0.008774
578 10.641939 1482.900860 2.108431 1482.900860 -2.080360 8241.159663 0.008774
579 10.641759 1482.688138 2.108430 1482.688138 -2.080360 8241.159663 0.008774
580 10.641579 1482.475004 2.108430 1482.475004 -2.080360 8241.159663 0.008774
581 10.641398 1482.261454 2.108429 1482.261454 -2.080361 8241.159663 0.008774
582 10.641217 1482.047484 2.108429 1482.047484 -2.080361 8241.159663 0.008774
583 10.641036 1481.833090 2.108428 1481.833090 -2.080362 8241.159663 0.008774
584 10.640855 1481.618268 2.108428 1481.618268 -2.080362 8241.159663 0.008774
585 10.640673 1481.403015 2.108427 1481.403015 -2.080363 8241.159663 0.008774
586 10.640491 1481.187327 2.108427 1481.187327 -2.080363 8241.159663 0.008774
587 10.640309 1480.971199 2.108427 1480.971199 -2.080364 8241.159663 0.008774
588 10.640126 1480.754628 2.108426 1480.754628 -2.080364 8241.159663 0.008774
589 10.639943 1480.537610 2.108426 1480.537610 -2.080365 8241.159663 0.008774
590 10.639760 1480.320140 2.108425 1480.320140 -2.080365 8241.159663 0.008774
591 10.639577 1480.102215 2.108425 1480.102215 -2.080366 8241.159663 0.008774
592 10.639393 1479.883830 2.108424 1479.883830 -2.080366 8241.159663 0.008774
593 10.639209 1479.664980 2.108424 1479.664980 -2.080366 8241.159663 0.008774
594 10.639024 1479.445663 2.108423 1479.445663 -2.080367 8241.159663 0.008774
595 10.638840 1479.225873 2.108423 1479.225873 -2.080367 8241.159663 0.008774
596 10.638655 1479.005606 2.108422 1479.005606 -2.080368 8241.159663 0.008774
597 10.638469 1478.784858 2.108422 1478.784858 -2.080368 8241.159663 0.008774
598 10.638284 1478.563624 2.108421 1478.563624 -2.080369 8241.159663 0.008774
599 10.638098 1478.341899 2.108421 1478.341899 -2.080369 8241.159663 0.008774
600 10.637911 1478.119680 2.108420 1478.119680 -2.080370 8241.159663 0.008774
601 10.637725 1477.896961 2.108420 1477.896961 -2.080370 8241.159663 0.008774
602 10.637538 1477.673738 2.108419 1477.673738 -2.080371 8241.159663 0.008774
603 10.637350 1477.450006 2.108419 1477.450006 -2.080371 8241.159663 0.008774
604 10.637163 1477.225760 2.108419 1477.225760 -2.080372 8241.159663 0.008774
605 10.636975 1477.000995 2.108418 1477.000995 -2.080372 8241.159663 0.008774
606 10.636786 1476.775707 2.108418 1476.775707 -2.080373 8241.159663 0.008774
607 10.636598 1476.549890 2.108417 1476.549890 -2.080373 8241.159663 0.008774
608 10.636409 1476.323540 2.108417 1476.323540 -2.080374 8241.159663 0.008774
609 10.636219 1476.096651 2.108416 1476.096651 -2.080374 8241.159663 0.008774
610 10.636030 1475.869219 2.108416 1475.869219 -2.080375 8241.159663 0.008774
611 10.635840 1475.641238 2.108415 1475.641238 -2.080375 8241.159663 0.008774
612 10.635649 1475.412702 2.108415 1475.412702 -2.080376 8241.159663 0.008774
613 10.635458 1475.183607 2.108414 1475.183607 -2.080376 8241.159663 0.008774
614 10.635267 1474.953947 2.108414 1474.953947 -2.080377 8241.159663 0.008774
615 10.635076 1474.723717 2.108413 1474.723717 -2.080377 8241.159663 0.008774
616 10.634884 1474.492910 2.108413 1474.492910 -2.080378 8241.159663 0.008774
617 10.634692 1474.261522 2.108412 1474.261522 -2.080378 8241.159663 0.008774
618 10.634499 1474.029547 2.108412 1474.029547 -2.080379 8241.159663 0.008774
619 10.634306 1473.796979 2.108411 1473.796979 -2.080379 8241.159663 0.008774
620 10.634113 1473.563812 2.108411 1473.563812 -2.080380 8241.159663 0.008774
621 10.633919 1473.330041 2.108410 1473.330041 -2.080380 8241.159663 0.008774
622 10.633725 1473.095659 2.108410 1473.095659 -2.080381 8241.159663 0.008774
623 10.633531 1472.860660 2.108409 1472.860660 -2.080381 8241.159663 0.008774
624 10.633336 1472.625039 2.108409 1472.625039 -2.080382 8241.159663 0.008774
625 10.633140 1472.388789 2.108408 1472.388789 -2.080382 8241.159663 0.008774
626 10.632945 1472.151903 2.108408 1472.151903 -2.080383 8241.159663 0.008774
627 10.632749 1471.914376 2.108407 1471.914376 -2.080383 8241.159663 0.008774
628 10.632552 1471.676201 2.108407 1471.676201 -2.080384 8241.159663 0.008774
629 10.632355 1471.437372 2.108406 1471.437372 -2.080384 8241.159663 0.008774
630 10.632158 1471.197881 2.108406 1471.197881 -2.080385 8241.159663 0.008774
631 10.631960 1470.957722 2.108405 1470.957722 -2.080385 8241.159663 0.008774
632 10.631762 1470.716889 2.108404 1470.716889 -2.080386 8241.159663 0.008774
633 10.631563 1470.475375 2.108404 1470.475375 -2.080386 8241.159663 0.008774
634 10.631364 1470.233171 2.108403 1470.233171 -2.080387 8241.159663 0.008774
635 10.631165 1469.990273 2.108403 1469.990273 -2.080387 8241.159663 0.008774
636 10.630965 1469.746672 2.108402 1469.746672 -2.080388 8241.159663 0.008774
637 10.630765 1469.502360 2.108402 1469.502360 -2.080388 8241.159663 0.008774
638 10.630564 1469.257332 2.108401 1469.257332 -2.080389 8241.159663 0.008774
639 10.630363 1469.011579 2.108401 1469.011579 -2.080389 8241.159663 0.008774
640 10.630161 1468.765093 2.108400 1468.765093 -2.080390 8241.159663 0.008774
641 10.629959 1468.517868 2.108400 1468.517868 -2.080390 8241.159663 0.008774
642 10.629757 1468.269895 2.108399 1468.269895 -2.080391 8241.159663 0.008774
643 10.629554 1468.021166 2.108399 1468.021166 -2.080392 8241.159663 0.008774
644 10.629350 1467.771674 2.108398 1467.771674 -2.080392 8241.159663 0.008774
645 10.629146 1467.521410 2.108398 1467.521410 -2.080393 8241.159663 0.008774
646 10.628942 1467.270366 2.108397 1467.270366 -2.080393 8241.159663 0.008774
647 10.628737 1467.018533 2.108397 1467.018533 -2.080394 8241.159663 0.008774
648 10.628531 1466.765905 2.108396 1466.765905 -2.080394 8241.159663 0.008774
649 10.628326 1466.512470 2.108395 1466.512470 -2.080395 8241.159663 0.008774
650 10.628119 1466.258222 2.108395 1466.258222 -2.080395 8241.159663 0.008774
651 10.627912 1466.003151 2.108394 1466.003151 -2.080396 8241.159663 0.008774
652 10.627705 1465.747248 2.108394 1465.747248 -2.080396 8241.159663 0.008774
653 10.627497 1465.490504 2.108393 1465.490504 -2.080397 8241.159663 0.008774
654 10.627289 1465.232911 2.108393 1465.232911 -2.080398 8241.159663 0.008774
655 10.627080 1464.974457 2.108392 1464.974457 -2.080398 8241.159663 0.008774
656 10.626870 1464.715135 2.108392 1464.715135 -2.080399 8241.159663 0.008774
657 10.626661 1464.454934 2.108391 1464.454934 -2.080399 8241.159663 0.008774
658 10.626450 1464.193844 2.108390 1464.193844 -2.080400 8241.159663 0.008774
659 10.626239 1463.931856 2.108390 1463.931856 -2.080400 8241.159663 0.008774
660 10.626028 1463.668960 2.108389 1463.668960 -2.080401 8241.159663 0.008774
661 10.625815 1463.405145 2.108389 1463.405145 -2.080401 8241.159663 0.008774
662 10.625603 1463.140400 2.108388 1463.140400 -2.080402 8241.159663 0.008774
663 10.625390 1462.874716 2.108388 1462.874716 -2.080403 8241.159663 0.008774
664 10.625176 1462.608081 2.108387 1462.608081 -2.080403 8241.159663 0.008774
665 10.624961 1462.340485 2.108387 1462.340485 -2.080404 8241.159663 0.008774
666 10.624746 1462.071916 2.108386 1462.071916 -2.080404 8241.159663 0.008774
667 10.624531 1461.802363 2.108385 1461.802363 -2.080405 8241.159663 0.008774
668 10.624315 1461.531815 2.108385 1461.531815 -2.080405 8241.159663 0.008774
669 10.624098 1461.260260 2.108384 1461.260260 -2.080406 8241.159663 0.008774
670 10.623881 1460.987687 2.108384 1460.987687 -2.080407 8241.159663 0.008774
671 10.623663 1460.714082 2.108383 1460.714082 -2.080407 8241.159663 0.008774
672 10.623445 1460.439435 2.108382 1460.439435 -2.080408 8241.159663 0.008774
673 10.623225 1460.163732 2.108382 1460.163732 -2.080408 8241.159663 0.008774
674 10.623006 1459.886961 2.108381 1459.886961 -2.080409 8241.159663 0.008774
675 10.622785 1459.609109 2.108381 1459.609109 -2.080410 8241.159663 0.008774
676 10.622564 1459.330163 2.108380 1459.330163 -2.080410 8241.159663 0.008774
677 10.622343 1459.050110 2.108380 1459.050110 -2.080411 8241.159663 0.008774
678 10.622120 1458.768936 2.108379 1458.768936 -2.080411 8241.159663 0.008774
679 10.621897 1458.486628 2.108378 1458.486628 -2.080412 8241.159663 0.008774
680 10.621674 1458.203171 2.108378 1458.203171 -2.080412 8241.159663 0.008774
681 10.621449 1457.918551 2.108377 1457.918551 -2.080413 8241.159663 0.008774
682 10.621224 1457.632755 2.108377 1457.632755 -2.080414 8241.159663 0.008774
683 10.620999 1457.345766 2.108376 1457.345766 -2.080414 8241.159663 0.008774
684 10.620772 1457.057570 2.108375 1457.057570 -2.080415 8241.159663 0.008774
685 10.620545 1456.768153 2.108375 1456.768153 -2.080416 8241.159663 0.008774
686 10.620317 1456.477497 2.108374 1456.477497 -2.080416 8241.159663 0.008774
687 10.620089 1456.185588 2.108373 1456.185588 -2.080417 8241.159663 0.008774
688 10.619860 1455.892410 2.108373 1455.892410 -2.080417 8241.159663 0.008774
689 10.619630 1455.597946 2.108372 1455.597946 -2.080418 8241.159663 0.008774
690 10.619399 1455.302178 2.108372 1455.302178 -2.080419 8241.159663 0.008774
691 10.619167 1455.005092 2.108371 1455.005092 -2.080419 8241.159663 0.008774
692 10.618935 1454.706668 2.108370 1454.706668 -2.080420 8241.159663 0.008774
693 10.618702 1454.406889 2.108370 1454.406889 -2.080420 8241.159663 0.008774
694 10.618468 1454.105738 2.108369 1454.105738 -2.080421 8241.159663 0.008774
695 10.618233 1453.803196 2.108368 1453.803196 -2.080422 8241.159663 0.008774
696 10.617998 1453.499244 2.108368 1453.499244 -2.080422 8241.159663 0.008774
697 10.617762 1453.193864 2.108367 1453.193864 -2.080423 8241.159663 0.008774
698 10.617525 1452.887035 2.108367 1452.887035 -2.080424 8241.159663 0.008774
699 10.617287 1452.578739 2.108366 1452.578739 -2.080424 8241.159663 0.008774
700 10.617048 1452.268954 2.108365 1452.268954 -2.080425 8241.159663 0.008774
701 10.616809 1451.957661 2.108365 1451.957661 -2.080426 8241.159663 0.008774
702 10.616568 1451.644839 2.108364 1451.644839 -2.080426 8241.159663 0.008774
703 10.616327 1451.330465 2.108363 1451.330465 -2.080427 8241.159663 0.008774
704 10.616085 1451.014518 2.108363 1451.014518 -2.080428 8241.159663 0.008774
705 10.615841 1450.696976 2.108362 1450.696976 -2.080428 8241.159663 0.008774
706 10.615597 1450.377816 2.108361 1450.377816 -2.080429 8241.159663 0.008774
707 10.615352 1450.057015 2.108361 1450.057015 -2.080430 8241.159663 0.008774
708 10.615107 1449.734549 2.108360 1449.734549 -2.080430 8241.159663 0.008774
709 10.614860 1449.410394 2.108359 1449.410394 -2.080431 8241.159663 0.008774
710 10.614612 1449.084525 2.108359 1449.084525 -2.080432 8241.159663 0.008774
711 10.614363 1448.756917 2.108358 1448.756917 -2.080432 8241.159663 0.008774
712 10.614113 1448.427545 2.108357 1448.427545 -2.080433 8241.159663 0.008774
713 10.613863 1448.096381 2.108357 1448.096381 -2.080434 8241.159663 0.008774
714 10.613611 1447.763398 2.108356 1447.763398 -2.080434 8241.159663 0.008774
715 10.613358 1447.428570 2.108355 1447.428570 -2.080435 8241.159663 0.008774
716 10.613104 1447.091869 2.108355 1447.091869 -2.080436 8241.159663 0.008774
717 10.612850 1446.753264 2.108354 1446.753264 -2.080436 8241.159663 0.008774
718 10.612594 1446.412728 2.108353 1446.412728 -2.080437 8241.159663 0.008774
719 10.612337 1446.070229 2.108353 1446.070229 -2.080438 8241.159663 0.008774
720 10.612078 1445.725738 2.108352 1445.725738 -2.080438 8241.159663 0.008774
721 10.611819 1445.379223 2.108351 1445.379223 -2.080439 8241.159663 0.008774
722 10.611559 1445.030650 2.108350 1445.030650 -2.080440 8241.159663 0.008774
723 10.611297 1444.679989 2.108350 1444.679989 -2.080441 8241.159663 0.008774
724 10.611035 1444.327204 2.108349 1444.327204 -2.080441 8241.159663 0.008774
725 10.610771 1443.972261 2.108348 1443.972261 -2.080442 8241.159663 0.008774
726 10.610506 1443.615125 2.108348 1443.615125 -2.080443 8241.159663 0.008774
727 10.610240 1443.255760 2.108347 1443.255760 -2.080443 8241.159663 0.008774
728 10.609972 1442.894128 2.108346 1442.894128 -2.080444 8241.159663 0.008774
729 10.609703 1442.530191 2.108345 1442.530191 -2.080445 8241.159663 0.008774
730 10.609433 1442.163911 2.108345 1442.163911 -2.080446 8241.159663 0.008774
731 10.609162 1441.795247 2.108344 1441.795247 -2.080446 8241.159663 0.008774
732 10.608889 1441.424158 2.108343 1441.424158 -2.080447 8241.159663 0.008774
733 10.608615 1441.050603 2.108342 1441.050603 -2.080448 8241.159663 0.008774
734 10.608340 1440.674538 2.108342 1440.674538 -2.080449 8241.159663 0.008774
735 10.608063 1440.295920 2.108341 1440.295920 -2.080449 8241.159663 0.008774
736 10.607785 1439.914701 2.108340 1439.914701 -2.080450 8241.159663 0.008774
737 10.607505 1439.530837 2.108339 1439.530837 -2.080451 8241.159663 0.008774
738 10.607224 1439.144279 2.108339 1439.144279 -2.080452 8241.159663 0.008774
739 10.606942 1438.754978 2.108338 1438.754978 -2.080452 8241.159663 0.008774
740 10.606658 1438.362884 2.108337 1438.362884 -2.080453 8241.159663 0.008774
741 10.606372 1437.967944 2.108336 1437.967944 -2.080454 8241.159663 0.008774
742 10.606085 1437.570105 2.108336 1437.570105 -2.080455 8241.159663 0.008774
743 10.605797 1437.169313 2.108335 1437.169313 -2.080455 8241.159663 0.008774
744 10.605507 1436.765511 2.108334 1436.765511 -2.080456 8241.159663 0.008774
745 10.605215 1436.358641 2.108333 1436.358641 -2.080457 8241.159663 0.008774
746 10.604921 1435.948644 2.108332 1435.948644 -2.080458 8241.159663 0.008774
747 10.604626 1435.535458 2.108332 1435.535458 -2.080459 8241.159663 0.008774
748 10.604329 1435.119020 2.108331 1435.119020 -2.080459 8241.159663 0.008774
749 10.604030 1434.699264 2.108330 1434.699264 -2.080460 8241.159663 0.008774
750 10.603730 1434.276125 2.108329 1434.276125 -2.080461 8241.159663 0.008774
751 10.603427 1433.849532 2.108328 1433.849532 -2.080462 8241.159663 0.008774
752 10.603123 1433.419414 2.108327 1433.419414 -2.080463 8241.159663 0.008774
753 10.602817 1432.985699 2.108327 1432.985699 -2.080464 8241.159663 0.008774
754 10.602509 1432.548310 2.108326 1432.548310 -2.080464 8241.159663 0.008774
755 10.602199 1432.107168 2.108325 1432.107168 -2.080465 8241.159663 0.008774
756 10.601887 1431.662195 2.108324 1431.662195 -2.080466 8241.159663 0.008774
757 10.601573 1431.213306 2.108323 1431.213306 -2.080467 8241.159663 0.008774
758 10.601257 1430.760414 2.108322 1430.760414 -2.080468 8241.159663 0.008774
759 10.600939 1430.303433 2.108322 1430.303433 -2.080469 8241.159663 0.008774
760 10.600619 1429.842268 2.108321 1429.842268 -2.080470 8241.159663 0.008774
761 10.600296 1429.376826 2.108320 1429.376826 -2.080470 8241.159663 0.008774
762 10.599971 1428.907009 2.108319 1428.907009 -2.080471 8241.159663 0.008774
763 10.599644 1428.432714 2.108318 1428.432714 -2.080472 8241.159663 0.008774
764 10.599314 1427.953836 2.108317 1427.953836 -2.080473 8241.159663 0.008774
765 10.598982 1427.470266 2.108316 1427.470266 -2.080474 8241.159663 0.008774
766 10.598648 1426.981892 2.108315 1426.981892 -2.080475 8241.159663 0.008774
767 10.598311 1426.488596 2.108314 1426.488596 -2.080476 8241.159663 0.008774
768 10.597971 1425.990257 2.108313 1425.990257 -2.080477 8241.159663 0.008774
769 10.597629 1425.486749 2.108313 1425.486749 -2.080478 8241.159663 0.008774
770 10.597284 1424.977941 2.108312 1424.977941 -2.080479 8241.159663 0.008774
771 10.596937 1424.463697 2.108311 1424.463697 -2.080480 8241.159663 0.008774
772 10.596586 1423.943876 2.108310 1423.943876 -2.080480 8241.159663 0.008774
773 10.596233 1423.418332 2.108309 1423.418332 -2.080481 8241.159663 0.008774
774 10.595876 1422.886911 2.108308 1422.886911 -2.080482 8241.159663 0.008774
775 10.595517 1422.349456 2.108307 1422.349456 -2.080483 8241.159663 0.008774
776 10.595154 1421.805799 2.108306 1421.805799 -2.080484 8241.159663 0.008774
777 10.594789 1421.255771 2.108305 1421.255771 -2.080485 8241.159663 0.008774
778 10.594420 1420.699189 2.108304 1420.699189 -2.080486 8241.159663 0.008774
779 10.594047 1420.135869 2.108303 1420.135869 -2.080487 8241.159663 0.008774
780 10.593671 1419.565612 2.108302 1419.565612 -2.080488 8241.159663 0.008774
781 10.593292 1418.988216 2.108301 1418.988216 -2.080489 8241.159663 0.008774
782 10.592909 1418.403467 2.108300 1418.403467 -2.080490 8241.159663 0.008774
783 10.592522 1417.811142 2.108299 1417.811142 -2.080491 8241.159663 0.008774
784 10.592131 1417.211006 2.108298 1417.211006 -2.080492 8241.159663 0.008774
785 10.591736 1416.602816 2.108297 1416.602816 -2.080494 8241.159663 0.008774
786 10.591337 1415.986314 2.108296 1415.986314 -2.080495 8241.159663 0.008774
787 10.590934 1415.361232 2.108295 1415.361232 -2.080496 8241.159663 0.008774
788 10.590527 1414.727286 2.108293 1414.727286 -2.080497 8241.159663 0.008774
789 10.590115 1414.084180 2.108292 1414.084180 -2.080498 8241.159663 0.008774
790 10.589698 1413.431603 2.108291 1413.431603 -2.080499 8241.159663 0.008774
791 10.589277 1412.769225 2.108290 1412.769225 -2.080500 8241.159663 0.008774
792 10.588851 1412.096700 2.108289 1412.096700 -2.080501 8241.159663 0.008774
793 10.588419 1411.413663 2.108288 1411.413663 -2.080502 8241.159663 0.008774
794 10.587983 1410.719729 2.108287 1410.719729 -2.080503 8241.159663 0.008774
795 10.587541 1410.014491 2.108286 1410.014491 -2.080505 8241.159663 0.008774
796 10.587093 1409.297519 2.108284 1409.297519 -2.080506 8241.159663 0.008774
797 10.586639 1408.568357 2.108283 1408.568357 -2.080507 8241.159663 0.008774
798 10.586179 1407.826521 2.108282 1407.826521 -2.080508 8241.159663 0.008774
799 10.585713 1407.071498 2.108281 1407.071498 -2.080509 8241.159663 0.008774
800 10.585241 1406.302744 2.108280 1406.302744 -2.080511 8241.159663 0.008774
801 10.584762 1405.519678 2.108278 1405.519678 -2.080512 8241.159663 0.008774
802 10.584275 1404.721682 2.108277 1404.721682 -2.080513 8241.159663 0.008774
803 10.583782 1403.908097 2.108276 1403.908097 -2.080515 8241.159663 0.008774
804 10.583280 1403.078219 2.108274 1403.078219 -2.080516 8241.159663 0.008774
805 10.582771 1402.231292 2.108273 1402.231292 -2.080517 8241.159663 0.008774
806 10.582253 1401.366508 2.108272 1401.366508 -2.080518 8241.159663 0.008774
807 10.581726 1400.482999 2.108270 1400.482999 -2.080520 8241.159663 0.008774
808 10.581191 1399.579831 2.108269 1399.579831 -2.080521 8241.159663 0.008774
809 10.580646 1398.655998 2.108268 1398.655998 -2.080523 8241.159663 0.008774
810 10.580091 1397.710411 2.108266 1397.710411 -2.080524 8241.159663 0.008774
811 10.579525 1396.741895 2.108265 1396.741895 -2.080525 8241.159663 0.008774
812 10.578948 1395.749173 2.108263 1395.749173 -2.080527 8241.159663 0.008774
813 10.578360 1394.730859 2.108262 1394.730859 -2.080528 8241.159663 0.008774
814 10.577759 1393.685439 2.108260 1393.685439 -2.080530 8241.159663 0.008774
815 10.577145 1392.611264 2.108259 1392.611264 -2.080532 8241.159663 0.008774
816 10.576517 1391.506521 2.108257 1391.506521 -2.080533 8241.159663 0.008774
817 10.575875 1390.369223 2.108255 1390.369223 -2.080535 8241.159663 0.008774
818 10.575218 1389.197177 2.108254 1389.197177 -2.080536 8241.159663 0.008774
819 10.574543 1387.987957 2.108252 1387.987957 -2.080538 8241.159663 0.008774
820 10.573852 1386.738870 2.108250 1386.738870 -2.080540 8241.159663 0.008774
821 10.573141 1385.446916 2.108249 1385.446916 -2.080541 8241.159663 0.008774
822 10.572410 1384.108734 2.108247 1384.108734 -2.080543 8241.159663 0.008774
823 10.571657 1382.720550 2.108245 1382.720550 -2.080545 8241.159663 0.008774
824 10.570881 1381.278095 2.108243 1381.278095 -2.080547 8241.159663 0.008774
825 10.570079 1379.776525 2.108241 1379.776525 -2.080549 8241.159663 0.008774
826 10.569250 1378.210302 2.108239 1378.210302 -2.080551 8241.159663 0.008774
827 10.568390 1376.573059 2.108237 1376.573059 -2.080553 8241.159663 0.008774
828 10.567497 1374.857425 2.108235 1374.857425 -2.080555 8241.159663 0.008774
829 10.566568 1373.054796 2.108233 1373.054796 -2.080557 8241.159663 0.008774
830 10.565598 1371.155045 2.108231 1371.155045 -2.080559 8241.159663 0.008774
831 10.564583 1369.146133 2.108228 1369.146133 -2.080562 8241.159663 0.008774
832 10.563517 1367.013596 2.108226 1367.013596 -2.080564 8241.159663 0.008774
833 10.562393 1364.739835 2.108224 1364.739835 -2.080567 8241.159663 0.008774
834 10.561204 1362.303132 2.108221 1362.303132 -2.080569 8241.159663 0.008774
835 10.559938 1359.676244 2.108218 1359.676244 -2.080572 8241.159663 0.008774
836 10.558583 1356.824331 2.108215 1356.824331 -2.080575 8241.159663 0.008774
837 10.557123 1353.701813 2.108212 1353.701813 -2.080578 8241.159663 0.008774
838 10.555534 1350.247397 2.108209 1350.247397 -2.080581 8241.159663 0.008774
