20 26.932284 900.465806 2.116418 900.465806 -2.072372 8241.159663 0.008774
21 26.932281 900.437389 2.116418 900.437389 -2.072372 8241.159663 0.008774
22 26.932277 900.406218 2.116418 900.406218 -2.072372 8241.159663 0.008774
23 26.932272 900.372196 2.116418 900.372196 -2.072372 8241.159663 0.008774
24 26.932267 900.335221 2.116419 900.335221 -2.072372 8241.159663 0.008774
25 26.932260 900.295198 2.116419 900.295198 -2.072371 8241.159663 0.008774
26 26.932253 900.252031 2.116419 900.252031 -2.072371 8241.159663 0.008774
27 26.932244 900.205626 2.116419 900.205626 -2.072371 8241.159663 0.008774
28 26.932234 900.155892 2.116420 900.155892 -2.072371 8241.159663 0.008774
29 26.932222 900.102739 2.116420 900.102739 -2.072370 8241.159663 0.008774
30 26.932210 900.046079 2.116420 900.046079 -2.072370 8241.159663 0.008774
31 26.932195 899.985827 2.116421 899.985827 -2.072370 8241.159663 0.008774
32 26.932179 899.921900 2.116421 899.921900 -2.072369 8241.159663 0.008774
33 26.932162 899.854216 2.116421 899.854216 -2.072369 8241.159663 0.008774
34 26.932142 899.782699 2.116422 899.782699 -2.072368 8241.159663 0.008774
35 26.932121 899.707272 2.116422 899.707272 -2.072368 8241.159663 0.008774
36 26.932098 899.627863 2.116423 899.627863 -2.072368 8241.159663 0.008774
37 26.932073 899.544402 2.116423 899.544402 -2.072367 8241.159663 0.008774
38 26.932046 899.456822 2.116423 899.456822 -2.072367 8241.159663 0.008774
39 26.932017 899.365060 2.116424 899.365060 -2.072366 8241.159663 0.008774
40 26.931986 899.269053 2.116424 899.269053 -2.072366 8241.159663 0.008774
41 26.931953 899.168745 2.116425 899.168745 -2.072365 8241.159663 0.008774
42 26.931918 899.064081 2.116426 899.064081 -2.072365 8241.159663 0.008774
43 26.931880 898.955009 2.116426 898.955009 -2.072364 8241.159663 0.008774
44 26.931840 898.841479 2.116427 898.841479 -2.072364 8241.159663 0.008774
45 26.931797 898.723448 2.116427 898.723448 -2.072363 8241.159663 0.008774
46 26.931752 898.600872 2.116428 898.600872 -2.072362 8241.159663 0.008774
47 26.931705 898.473712 2.116428 898.473712 -2.072362 8241.159663 0.008774
48 26.931655 898.341931 2.116429 898.341931 -2.072361 8241.159663 0.008774
49 26.931603 898.205497 2.116430 898.205497 -2.072361 8241.159663 0.008774
50 26.931548 898.064378 2.116430 898.064378 -2.072360 8241.159663 0.008774
51 26.931491 897.918548 2.116431 897.918548 -2.072359 8241.159663 0.008774
52 26.931431 897.767981 2.116432 897.767981 -2.072359 8241.159663 0.008774
53 26.931369 897.612656 2.116432 897.612656 -2.072358 8241.159663 0.008774
54 26.931303 897.452554 2.116433 897.452554 -2.072357 8241.159663 0.008774
55 26.931236 897.287657 2.116434 897.287657 -2.072356 8241.159663 0.008774
56 26.931165 897.117953 2.116435 897.117953 -2.072356 8241.159663 0.008774
57 26.931092 896.943430 2.116435 896.943430 -2.072355 8241.159663 0.008774
58 26.931016 896.764078 2.116436 896.764078 -2.072354 8241.159663 0.008774
59 26.930938 896.579892 2.116437 896.579892 -2.072353 8241.159663 0.008774
60 26.930857 896.390867 2.116438 896.390867 -2.072353 8241.159663 0.008774
61 26.930773 896.197001 2.116438 896.197001 -2.072352 8241.159663 0.008774
62 26.930686 895.998294 2.116439 895.998294 -2.072351 8241.159663 0.008774
63 26.930597 895.794748 2.116440 895.794748 -2.072350 8241.159663 0.008774
64 26.930505 895.586368 2.116441 895.586368 -2.072349 8241.159663 0.008774
65 26.930410 895.373160 2.116442 895.373160 -2.072348 8241.159663 0.008774
66 26.930313 895.155131 2.116443 895.155131 -2.072347 8241.159663 0.008774
67 26.930213 894.932292 2.116444 894.932292 -2.072347 8241.159663 0.008774
68 26.930110 894.704654 2.116445 894.704654 -2.072346 8241.159663 0.008774
69 26.930004 894.472229 2.116446 894.472229 -2.072345 8241.159663 0.008774
70 26.929896 894.235034 2.116446 894.235034 -2.072344 8241.159663 0.008774
71 26.929785 893.993084 2.116447 893.993084 -2.072343 8241.159663 0.008774
72 26.929671 893.746396 2.116448 893.746396 -2.072342 8241.159663 0.008774
73 26.929555 893.494989 2.116449 893.494989 -2.072341 8241.159663 0.008774
74 26.929436 893.238885 2.116450 893.238885 -2.072340 8241.159663 0.008774
75 26.929314 892.978103 2.116451 892.978103 -2.072339 8241.159663 0.008774
76 26.929190 892.712668 2.116452 892.712668 -2.072338 8241.159663 0.008774
77 26.929063 892.442602 2.116453 892.442602 -2.072337 8241.159663 0.008774
78 26.928933 892.167931 2.116454 892.167931 -2.072336 8241.159663 0.008774
79 26.928801 891.888680 2.116456 891.888680 -2.072335 8241.159663 0.008774
80 26.928666 891.604876 2.116457 891.604876 -2.072334 8241.159663 0.008774
81 26.928528 891.316547 2.116458 891.316547 -2.072333 8241.159663 0.008774
82 26.928388 891.023721 2.116459 891.023721 -2.072331 8241.159663 0.008774
83 26.928245 890.726427 2.116460 890.726427 -2.072330 8241.159663 0.008774
84 26.928099 890.424696 2.116461 890.424696 -2.072329 8241.159663 0.008774
85 26.927952 890.118558 2.116462 890.118558 -2.072328 8241.159663 0.008774
86 26.927801 889.808045 2.116463 889.808045 -2.072327 8241.159663 0.008774
87 26.927648 889.493188 2.116464 889.493188 -2.072326 8241.159663 0.008774
88 26.927492 889.174020 2.116466 889.174020 -2.072325 8241.159663 0.008774
89 26.927334 888.850573 2.116467 888.850573 -2.072323 8241.159663 0.008774
90 26.927174 888.522882 2.116468 888.522882 -2.072322 8241.159663 0.008774
91 26.927011 888.190981 2.116469 888.190981 -2.072321 8241.159663 0.008774
92 26.926845 887.854903 2.116470 887.854903 -2.072320 8241.159663 0.008774
93 26.926677 887.514683 2.116472 887.514683 -2.072319 8241.159663 0.008774
94 26.926507 887.170357 2.116473 887.170357 -2.072317 8241.159663 0.008774
95 26.926334 886.821959 2.116474 886.821959 -2.072316 8241.159663 0.008774
96 26.926159 886.469526 2.116475 886.469526 -2.072315 8241.159663 0.008774
97 26.925981 886.113093 2.116476 886.113093 -2.072314 8241.159663 0.008774
98 26.925801 885.752696 2.116478 885.752696 -2.072312 8241.159663 0.008774
99 26.925619 885.388371 2.116479 885.388371 -2.072311 8241.159663 0.008774
100 26.925434 885.020156 2.116480 885.020156 -2.072310 8241.159663 0.008774
101 26.925247 884.648086 2.116482 884.648086 -2.072309 8241.159663 0.008774
102 26.925058 884.272198 2.116483 884.272198 -2.072307 8241.159663 0.008774
103 26.924866 883.892528 2.116484 883.892528 -2.072306 8241.159663 0.008774
104 26.924673 883.509115 2.116486 883.509115 -2.072305 8241.159663 0.008774
105 26.924477 883.121994 2.116487 883.121994 -2.072303 8241.159663 0.008774
106 26.924278 882.731202 2.116488 882.731202 -2.072302 8241.159663 0.008774
107 26.924078 882.336777 2.116490 882.336777 -2.072301 8241.159663 0.008774
108 26.923875 881.938755 2.116491 881.938755 -2.072299 8241.159663 0.008774
109 26.923670 881.537174 2.116492 881.537174 -2.072298 8241.159663 0.008774
110 26.923463 881.132069 2.116494 881.132069 -2.072296 8241.159663 0.008774
111 26.923254 880.723478 2.116495 880.723478 -2.072295 8241.159663 0.008774
112 26.923043 880.311437 2.116497 880.311437 -2.072294 8241.159663 0.008774
113 26.922829 879.895984 2.116498 879.895984 -2.072292 8241.159663 0.008774
114 26.922614 879.477154 2.116499 879.477154 -2.072291 8241.159663 0.008774
115 26.922396 879.054985 2.116501 879.054985 -2.072289 8241.159663 0.008774
116 26.922177 878.629512 2.116502 878.629512 -2.072288 8241.159663 0.008774
117 26.921955 878.200771 2.116504 878.200771 -2.072286 8241.159663 0.008774
118 26.921731 877.768799 2.116505 877.768799 -2.072285 8241.159663 0.008774
119 26.921506 877.333631 2.116507 877.333631 -2.072284 8241.159663 0.008774
120 26.921278 876.895303 2.116508 876.895303 -2.072282 8241.159663 0.008774
121 26.921048 876.453851 2.116510 876.453851 -2.072281 8241.159663 0.008774
122 26.920816 876.009310 2.116511 876.009310 -2.072279 8241.159663 0.008774
123 26.920583 875.561715 2.116513 875.561715 -2.072278 8241.159663 0.008774
124 26.920347 875.111101 2.116514 875.111101 -2.072276 8241.159663 0.008774
125 26.920110 874.657502 2.116516 874.657502 -2.072275 8241.159663 0.008774
126 26.919871 874.200954 2.116517 874.200954 -2.072273 8241.159663 0.008774
127 26.919629 873.741491 2.116519 873.741491 -2.072271 8241.159663 0.008774
128 26.919386 873.279147 2.116520 873.279147 -2.072270 8241.159663 0.008774
129 26.919141 872.813955 2.116522 872.813955 -2.072268 8241.159663 0.008774
130 26.918895 872.345949 2.116523 872.345949 -2.072267 8241.159663 0.008774
131 26.918646 871.875163 2.116525 871.875163 -2.072265 8241.159663 0.008774
132 26.918396 871.401630 2.116526 871.401630 -2.072264 8241.159663 0.008774
133 26.918144 870.925382 2.116528 870.925382 -2.072262 8241.159663 0.008774
134 26.917890 870.446453 2.116530 870.446453 -2.072261 8241.159663 0.008774
135 26.917634 869.964874 2.116531 869.964874 -2.072259 8241.159663 0.008774
136 26.917377 869.480679 2.116533 869.480679 -2.072257 8241.159663 0.008774
137 26.917118 868.993898 2.116534 868.993898 -2.072256 8241.159663 0.008774
138 26.916857 868.504564 2.116536 868.504564 -2.072254 8241.159663 0.008774
139 26.916594 868.012708 2.116538 868.012708 -2.072252 8241.159663 0.008774
140 26.916330 867.518360 2.116539 867.518360 -2.072251 8241.159663 0.008774
141 26.916064 867.021553 2.116541 867.021553 -2.072249 8241.159663 0.008774
142 26.915797 866.522315 2.116543 866.522315 -2.072248 8241.159663 0.008774
143 26.915528 866.020678 2.116544 866.020678 -2.072246 8241.159663 0.008774
144 26.915257 865.516672 2.116546 865.516672 -2.072244 8241.159663 0.008774
145 26.914984 865.010326 2.116548 865.010326 -2.072243 8241.159663 0.008774
146 26.914710 864.501671 2.116549 864.501671 -2.072241 8241.159663 0.008774
147 26.914435 863.990734 2.116551 863.990734 -2.072239 8241.159663 0.008774
148 26.914158 863.477545 2.116553 863.477545 -2.072238 8241.159663 0.008774
149 26.913879 862.962133 2.116554 862.962133 -2.072236 8241.159663 0.008774
150 26.913599 862.444526 2.116556 862.444526 -2.072234 8241.159663 0.008774
151 26.913317 861.924752 2.116558 861.924752 -2.072232 8241.159663 0.008774
152 26.913034 861.402839 2.116560 861.402839 -2.072231 8241.159663 0.008774
153 26.912749 860.878814 2.116561 860.878814 -2.072229 8241.159663 0.008774
154 26.912463 860.352705 2.116563 860.352705 -2.072227 8241.159663 0.008774
155 26.912175 859.824539 2.116565 859.824539 -2.072225 8241.159663 0.008774
156 26.911886 859.294343 2.116566 859.294343 -2.072224 8241.159663 0.008774
157 26.911596 858.762142 2.116568 858.762142 -2.072222 8241.159663 0.008774
158 26.911304 858.227964 2.116570 858.227964 -2.072220 8241.159663 0.008774
159 26.911010 857.691834 2.116572 857.691834 -2.072218 8241.159663 0.008774
160 26.910716 857.153777 2.116574 857.153777 -2.072217 8241.159663 0.008774
161 26.910419 856.613820 2.116575 856.613820 -2.072215 8241.159663 0.008774
162 26.910122 856.071987 2.116577 856.071987 -2.072213 8241.159663 0.008774
163 26.909823 855.528302 2.116579 855.528302 -2.072211 8241.159663 0.008774
164 26.909522 854.982792 2.116581 854.982792 -2.072210 8241.159663 0.008774
165 26.909221 854.435479 2.116582 854.435479 -2.072208 8241.159663 0.008774
166 26.908918 853.886389 2.116584 853.886389 -2.072206 8241.159663 0.008774
167 26.908613 853.335544 2.116586 853.335544 -2.072204 8241.159663 0.008774
168 26.908308 852.782968 2.116588 852.782968 -2.072202 8241.159663 0.008774
169 26.908001 852.228685 2.116590 852.228685 -2.072200 8241.159663 0.008774
170 26.907692 851.672717 2.116592 851.672717 -2.072199 8241.159663 0.008774
171 26.907383 851.115088 2.116593 851.115088 -2.072197 8241.159663 0.008774
172 26.907072 850.555819 2.116595 850.555819 -2.072195 8241.159663 0.008774
173 26.906760 849.994934 2.116597 849.994934 -2.072193 8241.159663 0.008774
174 26.906447 849.432453 2.116599 849.432453 -2.072191 8241.159663 0.008774
175 26.906132 848.868399 2.116601 848.868399 -2.072189 8241.159663 0.008774
176 26.905817 848.302794 2.116603 848.302794 -2.072188 8241.159663 0.008774
177 26.905500 847.735657 2.116605 847.735657 -2.072186 8241.159663 0.008774
178 26.905181 847.167012 2.116606 847.167012 -2.072184 8241.159663 0.008774
179 26.904862 846.596877 2.116608 846.596877 -2.072182 8241.159663 0.008774
180 26.904542 846.025275 2.116610 846.025275 -2.072180 8241.159663 0.008774
181 26.904220 845.452224 2.116612 845.452224 -2.072178 8241.159663 0.008774
182 26.903897 844.877746 2.116614 844.877746 -2.072176 8241.159663 0.008774
183 26.903573 844.301859 2.116616 844.301859 -2.072174 8241.159663 0.008774
184 26.903248 843.724584 2.116618 843.724584 -2.072172 8241.159663 0.008774
185 26.902921 843.145940 2.116620 843.145940 -2.072170 8241.159663 0.008774
186 26.902594 842.565945 2.116622 842.565945 -2.072169 8241.159663 0.008774
187 26.902265 841.984620 2.116624 841.984620 -2.072167 8241.159663 0.008774
188 26.901936 841.401982 2.116626 841.401982 -2.072165 8241.159663 0.008774
189 26.901605 840.818050 2.116627 840.818050 -2.072163 8241.159663 0.008774
190 26.901273 840.232842 2.116629 840.232842 -2.072161 8241.159663 0.008774
191 26.900940 839.646376 2.116631 839.646376 -2.072159 8241.159663 0.008774
192 26.900606 839.058671 2.116633 839.058671 -2.072157 8241.159663 0.008774
193 26.900271 838.469743 2.116635 838.469743 -2.072155 8241.159663 0.008774
194 26.899935 837.879609 2.116637 837.879609 -2.072153 8241.159663 0.008774
195 26.899598 837.288288 2.116639 837.288288 -2.072151 8241.159663 0.008774
196 26.899260 836.695796 2.116641 836.695796 -2.072149 8241.159663 0.008774
197 26.898921 836.102150 2.116643 836.102150 -2.072147 8241.159663 0.008774
198 26.898581 835.507366 2.116645 835.507366 -2.072145 8241.159663 0.008774
199 26.898239 834.911460 2.116647 834.911460 -2.072143 8241.159663 0.008774
200 26.897897 834.314450 2.116649 834.314450 -2.072141 8241.159663 0.008774
201 26.897554 833.716349 2.116651 833.716349 -2.072139 8241.159663 0.008774
202 26.897210 833.117176 2.116653 833.117176 -2.072137 8241.159663 0.008774
203 26.896865 832.516944 2.116655 832.516944 -2.072135 8241.159663 0.008774
204 26.896519 831.915669 2.116657 831.915669 -2.072133 8241.159663 0.008774
205 26.896171 831.313367 2.116659 831.313367 -2.072131 8241.159663 0.008774
206 26.895823 830.710053 2.116661 830.710053 -2.072129 8241.159663 0.008774
207 26.895474 830.105740 2.116663 830.105740 -2.072127 8241.159663 0.008774
208 26.895124 829.500444 2.116665 829.500444 -2.072125 8241.159663 0.008774
209 26.894774 828.894179 2.116667 828.894179 -2.072123 8241.159663 0.008774
210 26.894422 828.286960 2.116669 828.286960 -2.072121 8241.159663 0.008774
211 26.894069 827.678800 2.116672 827.678800 -2.072119 8241.159663 0.008774
212 26.893716 827.069713 2.116674 827.069713 -2.072117 8241.159663 0.008774
213 26.893361 826.459713 2.116676 826.459713 -2.072115 8241.159663 0.008774
214 26.893006 825.848814 2.116678 825.848814 -2.072112 8241.159663 0.008774
215 26.892649 825.237028 2.116680 825.237028 -2.072110 8241.159663 0.008774
216 26.892292 824.624369 2.116682 824.624369 -2.072108 8241.159663 0.008774
217 26.891934 824.010851 2.116684 824.010851 -2.072106 8241.159663 0.008774
218 26.891575 823.396485 2.116686 823.396485 -2.072104 8241.159663 0.008774
219 26.891216 822.781285 2.116688 822.781285 -2.072102 8241.159663 0.008774
220 26.890855 822.165262 2.116690 822.165262 -2.072100 8241.159663 0.008774
221 26.890494 821.548430 2.116692 821.548430 -2.072098 8241.159663 0.008774
222 26.890131 820.930801 2.116694 820.930801 -2.072096 8241.159663 0.008774
223 26.889768 820.312385 2.116697 820.312385 -2.072094 8241.159663 0.008774
224 26.889404 819.693197 2.116699 819.693197 -2.072091 8241.159663 0.008774
225 26.889040 819.073246 2.116701 819.073246 -2.072089 8241.159663 0.008774
226 26.888674 818.452545 2.116703 818.452545 -2.072087 8241.159663 0.008774
227 26.888308 817.831105 2.116705 817.831105 -2.072085 8241.159663 0.008774
228 26.887941 817.208938 2.116707 817.208938 -2.072083 8241.159663 0.008774
229 26.887573 816.586054 2.116709 816.586054 -2.072081 8241.159663 0.008774
230 26.887204 815.962464 2.116712 815.962464 -2.072079 8241.159663 0.008774
231 26.886834 815.338180 2.116714 815.338180 -2.072077 8241.159663 0.008774
232 26.886464 814.713211 2.116716 814.713211 -2.072074 8241.159663 0.008774
233 26.886093 814.087569 2.116718 814.087569 -2.072072 8241.159663 0.008774
234 26.885721 813.461264 2.116720 813.461264 -2.072070 8241.159663 0.008774
235 26.885348 812.834305 2.116722 812.834305 -2.072068 8241.159663 0.008774
236 26.884975 812.206704 2.116725 812.206704 -2.072066 8241.159663 0.008774
237 26.884601 811.578470 2.116727 811.578470 -2.072064 8241.159663 0.008774
238 26.884226 810.949613 2.116729 810.949613 -2.072061 8241.159663 0.008774
239 26.883850 810.320143 2.116731 810.320143 -2.072059 8241.159663 0.008774
240 26.883474 809.690069 2.116733 809.690069 -2.072057 8241.159663 0.008774
241 26.883097 809.059401 2.116735 809.059401 -2.072055 8241.159663 0.008774
242 26.882719 808.428148 2.116738 808.428148 -2.072053 8241.159663 0.008774
243 26.882341 807.796319 2.116740 807.796319 -2.072050 8241.159663 0.008774
244 26.881962 807.163924 2.116742 807.163924 -2.072048 8241.159663 0.008774
245 26.881582 806.530970 2.116744 806.530970 -2.072046 8241.159663 0.008774
246 26.881201 805.897468 2.116747 805.897468 -2.072044 8241.159663 0.008774
247 26.880820 805.263426 2.116749 805.263426 -2.072041 8241.159663 0.008774
248 26.880438 804.628852 2.116751 804.628852 -2.072039 8241.159663 0.008774
249 26.880055 803.993755 2.116753 803.993755 -2.072037 8241.159663 0.008774
250 26.879671 803.358143 2.116755 803.358143 -2.072035 8241.159663 0.008774
251 26.879287 802.722024 2.116758 802.722024 -2.072033 8241.159663 0.008774
252 26.878903 802.085408 2.116760 802.085408 -2.072030 8241.159663 0.008774
253 26.878517 801.448300 2.116762 801.448300 -2.072028 8241.159663 0.008774
254 26.878131 800.810710 2.116764 800.810710 -2.072026 8241.159663 0.008774
255 26.877744 800.172645 2.116767 800.172645 -2.072023 8241.159663 0.008774
256 26.877357 799.534113 2.116769 799.534113 -2.072021 8241.159663 0.008774
257 26.876969 798.895122 2.116771 798.895122 -2.072019 8241.159663 0.008774
258 26.876580 798.255678 2.116774 798.255678 -2.072017 8241.159663 0.008774
259 26.876191 797.615789 2.116776 797.615789 -2.072014 8241.159663 0.008774
260 26.875801 796.975463 2.116778 796.975463 -2.072012 8241.159663 0.008774
261 26.875410 796.334707 2.116780 796.334707 -2.072010 8241.159663 0.008774
262 26.875019 795.693527 2.116783 795.693527 -2.072008 8241.159663 0.008774
263 26.874627 795.051930 2.116785 795.051930 -2.072005 8241.159663 0.008774
264 26.874235 794.409925 2.116787 794.409925 -2.072003 8241.159663 0.008774
265 26.873842 793.767516 2.116790 793.767516 -2.072001 8241.159663 0.008774
266 26.873448 793.124710 2.116792 793.124710 -2.071998 8241.159663 0.008774
267 26.873053 792.481516 2.116794 792.481516 -2.071996 8241.159663 0.008774
268 26.872658 791.837937 2.116797 791.837937 -2.071994 8241.159663 0.008774
269 26.872263 791.193982 2.116799 791.193982 -2.071991 8241.159663 0.008774
270 26.871867 790.549657 2.116801 790.549657 -2.071989 8241.159663 0.008774
271 26.871470 789.904966 2.116804 789.904966 -2.071987 8241.159663 0.008774
272 26.871073 789.259917 2.116806 789.259917 -2.071984 8241.159663 0.008774
273 26.870675 788.614516 2.116808 788.614516 -2.071982 8241.159663 0.008774
274 26.870276 787.968768 2.116811 787.968768 -2.071980 8241.159663 0.008774
275 26.869877 787.322679 2.116813 787.322679 -2.071977 8241.159663 0.008774
276 26.869477 786.676256 2.116815 786.676256 -2.071975 8241.159663 0.008774
277 26.869077 786.029502 2.116818 786.029502 -2.071973 8241.159663 0.008774
278 26.868676 785.382425 2.116820 785.382425 -2.071970 8241.159663 0.008774
279 26.868275 784.735029 2.116822 784.735029 -2.071968 8241.159663 0.008774
280 26.867873 784.087320 2.116825 784.087320 -2.071965 8241.159663 0.008774
281 26.867470 783.439303 2.116827 783.439303 -2.071963 8241.159663 0.008774
282 26.867067 782.790984 2.116830 782.790984 -2.071961 8241.159663 0.008774
283 26.866663 782.142367 2.116832 782.142367 -2.071958 8241.159663 0.008774
284 26.866259 781.493458 2.116834 781.493458 -2.071956 8241.159663 0.008774
285 26.865854 780.844261 2.116837 780.844261 -2.071954 8241.159663 0.008774
286 26.865449 780.194781 2.116839 780.194781 -2.071951 8241.159663 0.008774
287 26.865043 779.545024 2.116841 779.545024 -2.071949 8241.159663 0.008774
288 26.864637 778.894993 2.116844 778.894993 -2.071946 8241.159663 0.008774
289 26.864230 778.244694 2.116846 778.244694 -2.071944 8241.159663 0.008774
290 26.863822 777.594131 2.116849 777.594131 -2.071941 8241.159663 0.008774
291 26.863414 776.943309 2.116851 776.943309 -2.071939 8241.159663 0.008774
292 26.863006 776.292232 2.116854 776.292232 -2.071937 8241.159663 0.008774
293 26.862597 775.640904 2.116856 775.640904 -2.071934 8241.159663 0.008774
294 26.862187 774.989330 2.116858 774.989330 -2.071932 8241.159663 0.008774
295 26.861777 774.337513 2.116861 774.337513 -2.071929 8241.159663 0.008774
296 26.861366 773.685459 2.116863 773.685459 -2.071927 8241.159663 0.008774
297 26.860955 773.033171 2.116866 773.033171 -2.071924 8241.159663 0.008774
298 26.860543 772.380653 2.116868 772.380653 -2.071922 8241.159663 0.008774
299 26.860131 771.727909 2.116871 771.727909 -2.071919 8241.159663 0.008774
300 26.859718 771.074943 2.116873 771.074943 -2.071917 8241.159663 0.008774
301 26.859305 770.421758 2.116876 770.421758 -2.071915 8241.159663 0.008774
302 26.858892 769.768359 2.116878 769.768359 -2.071912 8241.159663 0.008774
303 26.858477 769.114749 2.116881 769.114749 -2.071910 8241.159663 0.008774
304 26.858063 768.460932 2.116883 768.460932 -2.071907 8241.159663 0.008774
305 26.857647 767.806911 2.116886 767.806911 -2.071905 8241.159663 0.008774
306 26.857232 767.152690 2.116888 767.152690 -2.071902 8241.159663 0.008774
307 26.856815 766.498271 2.116891 766.498271 -2.071900 8241.159663 0.008774
308 26.856399 765.843660 2.116893 765.843660 -2.071897 8241.159663 0.008774
309 26.855982 765.188858 2.116896 765.188858 -2.071895 8241.159663 0.008774
310 26.855564 764.533869 2.116898 764.533869 -2.071892 8241.159663 0.008774
311 26.855146 763.878696 2.116901 763.878696 -2.071890 8241.159663 0.008774
312 26.854727 763.223342 2.116903 763.223342 -2.071887 8241.159663 0.008774
313 26.854308 762.567811 2.116906 762.567811 -2.071885 8241.159663 0.008774
314 26.853888 761.912105 2.116908 761.912105 -2.071882 8241.159663 0.008774
315 26.853468 761.256228 2.116911 761.256228 -2.071880 8241.159663 0.008774
316 26.853048 760.600181 2.116913 760.600181 -2.071877 8241.159663 0.008774
317 26.852627 759.943968 2.116916 759.943968 -2.071874 8241.159663 0.008774
318 26.852205 759.287593 2.116918 759.287593 -2.071872 8241.159663 0.008774
319 26.851783 758.631056 2.116921 758.631056 -2.071869 8241.159663 0.008774
320 26.851361 757.974362 2.116923 757.974362 -2.071867 8241.159663 0.008774
321 26.850938 757.317512 2.116926 757.317512 -2.071864 8241.159663 0.008774
322 26.850514 756.660509 2.116929 756.660509 -2.071862 8241.159663 0.008774
323 26.850090 756.003356 2.116931 756.003356 -2.071859 8241.159663 0.008774
324 26.849666 755.346055 2.116934 755.346055 -2.071857 8241.159663 0.008774
325 26.849241 754.688609 2.116936 754.688609 -2.071854 8241.159663 0.008774
326 26.848816 754.031020 2.116939 754.031020 -2.071851 8241.159663 0.008774
327 26.848390 753.373290 2.116941 753.373290 -2.071849 8241.159663 0.008774
328 26.847964 752.715421 2.116944 752.715421 -2.071846 8241.159663 0.008774
329 26.847538 752.057415 2.116947 752.057415 -2.071844 8241.159663 0.008774
330 26.847111 751.399276 2.116949 751.399276 -2.071841 8241.159663 0.008774
331 26.846683 750.741004 2.116952 750.741004 -2.071838 8241.159663 0.008774
332 26.846255 750.082602 2.116954 750.082602 -2.071836 8241.159663 0.008774
333 26.845827 749.424072 2.116957 749.424072 -2.071833 8241.159663 0.008774
334 26.845398 748.765415 2.116960 748.765415 -2.071831 8241.159663 0.008774
335 26.844969 748.106634 2.116962 748.106634 -2.071828 8241.159663 0.008774
336 26.844539 747.447731 2.116965 747.447731 -2.071825 8241.159663 0.008774
337 26.844109 746.788707 2.116967 746.788707 -2.071823 8241.159663 0.008774
338 26.843678 746.129564 2.116970 746.129564 -2.071820 8241.159663 0.008774
339 26.843247 745.470304 2.116973 745.470304 -2.071817 8241.159663 0.008774
340 26.842815 744.810928 2.116975 744.810928 -2.071815 8241.159663 0.008774
341 26.842383 744.151438 2.116978 744.151438 -2.071812 8241.159663 0.008774
342 26.841951 743.491835 2.116981 743.491835 -2.071809 8241.159663 0.008774
343 26.841518 742.832122 2.116983 742.832122 -2.071807 8241.159663 0.008774
344 26.841085 742.172300 2.116986 742.172300 -2.071804 8241.159663 0.008774
345 26.840651 741.512369 2.116989 741.512369 -2.071802 8241.159663 0.008774
346 26.840217 740.852332 2.116991 740.852332 -2.071799 8241.159663 0.008774
347 26.839783 740.192190 2.116994 740.192190 -2.071796 8241.159663 0.008774
348 26.839348 739.531944 2.116997 739.531944 -2.071793 8241.159663 0.008774
349 26.838912 738.871595 2.116999 738.871595 -2.071791 8241.159663 0.008774
350 26.838476 738.211145 2.117002 738.211145 -2.071788 8241.159663 0.008774
351 26.838040 737.550595 2.117005 737.550595 -2.071785 8241.159663 0.008774
352 26.837603 736.889946 2.117008 736.889946 -2.071783 8241.159663 0.008774
353 26.837166 736.229199 2.117010 736.229199 -2.071780 8241.159663 0.008774
354 26.836729 735.568355 2.117013 735.568355 -2.071777 8241.159663 0.008774
355 26.836291 734.907415 2.117016 734.907415 -2.071775 8241.159663 0.008774
356 26.835852 734.246381 2.117018 734.246381 -2.071772 8241.159663 0.008774
357 26.835414 733.585252 2.117021 733.585252 -2.071769 8241.159663 0.008774
358 26.834974 732.924031 2.117024 732.924031 -2.071766 8241.159663 0.008774
359 26.834535 732.262718 2.117027 732.262718 -2.071764 8241.159663 0.008774
360 26.834095 731.601313 2.117029 731.601313 -2.071761 8241.159663 0.008774
361 26.833654 730.939818 2.117032 730.939818 -2.071758 8241.159663 0.008774
362 26.833213 730.278233 2.117035 730.278233 -2.071755 8241.159663 0.008774
363 26.832772 729.616560 2.117038 729.616560 -2.071753 8241.159663 0.008774
364 26.832330 728.954798 2.117040 728.954798 -2.071750 8241.159663 0.008774
365 26.831888 728.292949 2.117043 728.292949 -2.071747 8241.159663 0.008774
366 26.831445 727.631013 2.117046 727.631013 -2.071744 8241.159663 0.008774
367 26.831002 726.968990 2.117049 726.968990 -2.071742 8241.159663 0.008774
368 26.830559 726.306882 2.117051 726.306882 -2.071739 8241.159663 0.008774
369 26.830115 725.644688 2.117054 725.644688 -2.071736 8241.159663 0.008774
370 26.829671 724.982409 2.117057 724.982409 -2.071733 8241.159663 0.008774
371 26.829226 724.320046 2.117060 724.320046 -2.071730 8241.159663 0.008774
372 26.828781 723.657600 2.117063 723.657600 -2.071728 8241.159663 0.008774
373 26.828336 722.995069 2.117065 722.995069 -2.071725 8241.159663 0.008774
374 26.827890 722.332456 2.117068 722.332456 -2.071722 8241.159663 0.008774
375 26.827443 721.669759 2.117071 721.669759 -2.071719 8241.159663 0.008774
376 26.826997 721.006980 2.117074 721.006980 -2.071716 8241.159663 0.008774
377 26.826550 720.344118 2.117077 720.344118 -2.071714 8241.159663 0.008774
378 26.826102 719.681174 2.117079 719.681174 -2.071711 8241.159663 0.008774
379 26.825654 719.018148 2.117082 719.018148 -2.071708 8241.159663 0.008774
380 26.825206 718.355040 2.117085 718.355040 -2.071705 8241.159663 0.008774
381 26.824757 717.691851 2.117088 717.691851 -2.071702 8241.159663 0.008774
382 26.824308 717.028579 2.117091 717.028579 -2.071699 8241.159663 0.008774
383 26.823858 716.365226 2.117094 716.365226 -2.071697 8241.159663 0.008774
384 26.823408 715.701792 2.117097 715.701792 -2.071694 8241.159663 0.008774
385 26.822958 715.038276 2.117099 715.038276 -2.071691 8241.159663 0.008774
386 26.822507 714.374678 2.117102 714.374678 -2.071688 8241.159663 0.008774
387 26.822055 713.710998 2.117105 713.710998 -2.071685 8241.159663 0.008774
388 26.821604 713.047236 2.117108 713.047236 -2.071682 8241.159663 0.008774
389 26.821152 712.383393 2.117111 712.383393 -2.071679 8241.159663 0.008774
390 26.820699 711.719467 2.117114 711.719467 -2.071676 8241.159663 0.008774
391 26.820246 711.055458 2.117117 711.055458 -2.071673 8241.159663 0.008774
392 26.819793 710.391368 2.117120 710.391368 -2.071671 8241.159663 0.008774
393 26.819339 709.727194 2.117123 709.727194 -2.071668 8241.159663 0.008774
394 26.818885 709.062937 2.117125 709.062937 -2.071665 8241.159663 0.008774
395 26.818431 708.398596 2.117128 708.398596 -2.071662 8241.159663 0.008774
396 26.817976 707.734172 2.117131 707.734172 -2.071659 8241.159663 0.008774
397 26.817520 707.069664 2.117134 707.069664 -2.071656 8241.159663 0.008774
398 26.817065 706.405070 2.117137 706.405070 -2.071653 8241.159663 0.008774
399 26.816608 705.740392 2.117140 705.740392 -2.071650 8241.159663 0.008774
400 26.816152 705.075628 2.117143 705.075628 -2.071647 8241.159663 0.008774
401 26.815695 704.410779 2.117146 704.410779 -2.071644 8241.159663 0.008774
402 26.815237 703.745842 2.117149 703.745842 -2.071641 8241.159663 0.008774
403 26.814779 703.080819 2.117152 703.080819 -2.071638 8241.159663 0.008774
404 26.814321 702.415708 2.117155 702.415708 -2.071635 8241.159663 0.008774
405 26.813863 701.750508 2.117158 701.750508 -2.071632 8241.159663 0.008774
406 26.813404 701.085220 2.117161 701.085220 -2.071629 8241.159663 0.008774
407 26.812944 700.419842 2.117164 700.419842 -2.071626 8241.159663 0.008774
408 26.812484 699.754374 2.117167 699.754374 -2.071623 8241.159663 0.008774
409 26.812024 699.088815 2.117170 699.088815 -2.071620 8241.159663 0.008774
410 26.811563 698.423164 2.117173 698.423164 -2.071617 8241.159663 0.008774
411 26.811102 697.757420 2.117176 697.757420 -2.071614 8241.159663 0.008774
412 26.810640 697.091583 2.117179 697.091583 -2.071611 8241.159663 0.008774
413 26.810178 696.425652 2.117182 696.425652 -2.071608 8241.159663 0.008774
414 26.809716 695.759627 2.117185 695.759627 -2.071605 8241.159663 0.008774
415 26.809253 695.093505 2.117188 695.093505 -2.071602 8241.159663 0.008774
416 26.808790 694.427286 2.117191 694.427286 -2.071599 8241.159663 0.008774
417 26.808326 693.760970 2.117194 693.760970 -2.071596 8241.159663 0.008774
418 26.807862 693.094555 2.117197 693.094555 -2.071593 8241.159663 0.008774
419 26.807398 692.428040 2.117200 692.428040 -2.071590 8241.159663 0.008774
420 26.806933 691.761425 2.117203 691.761425 -2.071587 8241.159663 0.008774
421 26.806468 691.094708 2.117206 691.094708 -2.071584 8241.159663 0.008774
422 26.806002 690.427888 2.117209 690.427888 -2.071581 8241.159663 0.008774
423 26.805536 689.760964 2.117212 689.760964 -2.071578 8241.159663 0.008774
424 26.805069 689.093935 2.117215 689.093935 -2.071575 8241.159663 0.008774
425 26.804602 688.426800 2.117219 688.426800 -2.071572 8241.159663 0.008774
426 26.804135 687.759558 2.117222 687.759558 -2.071569 8241.159663 0.008774
427 26.803667 687.092207 2.117225 687.092207 -2.071566 8241.159663 0.008774
428 26.803199 686.424746 2.117228 686.424746 -2.071562 8241.159663 0.008774
429 26.802730 685.757175 2.117231 685.757175 -2.071559 8241.159663 0.008774
430 26.802261 685.089491 2.117234 685.089491 -2.071556 8241.159663 0.008774
431 26.801791 684.421693 2.117237 684.421693 -2.071553 8241.159663 0.008774
432 26.801321 683.753781 2.117240 683.753781 -2.071550 8241.159663 0.008774
433 26.800851 683.085752 2.117243 683.085752 -2.071547 8241.159663 0.008774
434 26.800380 682.417605 2.117247 682.417605 -2.071544 8241.159663 0.008774
435 26.799909 681.749340 2.117250 681.749340 -2.071540 8241.159663 0.008774
436 26.799437 681.080954 2.117253 681.080954 -2.071537 8241.159663 0.008774
437 26.798965 680.412446 2.117256 680.412446 -2.071534 8241.159663 0.008774
438 26.798492 679.743815 2.117259 679.743815 -2.071531 8241.159663 0.008774
439 26.798019 679.075058 2.117262 679.075058 -2.071528 8241.159663 0.008774
440 26.797546 678.406176 2.117266 678.406176 -2.071525 8241.159663 0.008774
441 26.797072 677.737165 2.117269 677.737165 -2.071521 8241.159663 0.008774
442 26.796597 677.068024 2.117272 677.068024 -2.071518 8241.159663 0.008774
443 26.796123 676.398753 2.117275 676.398753 -2.071515 8241.159663 0.008774
444 26.795647 675.729348 2.117278 675.729348 -2.071512 8241.159663 0.008774
445 26.795172 675.059809 2.117282 675.059809 -2.071509 8241.159663 0.008774
446 26.794696 674.390134 2.117285 674.390134 -2.071505 8241.159663 0.008774
447 26.794219 673.720321 2.117288 673.720321 -2.071502 8241.159663 0.008774
448 26.793742 673.050368 2.117291 673.050368 -2.071499 8241.159663 0.008774
449 26.793265 672.380274 2.117294 672.380274 -2.071496 8241.159663 0.008774
450 26.792787 671.710036 2.117298 671.710036 -2.071493 8241.159663 0.008774
451 26.792308 671.039653 2.117301 671.039653 -2.071489 8241.159663 0.008774
452 26.791830 670.369124 2.117304 670.369124 -2.071486 8241.159663 0.008774
453 26.791350 669.698446 2.117307 669.698446 -2.071483 8241.159663 0.008774
454 26.790871 669.027617 2.117311 669.027617 -2.071479 8241.159663 0.008774
455 26.790390 668.356636 2.117314 668.356636 -2.071476 8241.159663 0.008774
456 26.789910 667.685500 2.117317 667.685500 -2.071473 8241.159663 0.008774
457 26.789429 667.014207 2.117321 667.014207 -2.071470 8241.159663 0.008774
458 26.788947 666.342757 2.117324 666.342757 -2.071466 8241.159663 0.008774
459 26.788465 665.671145 2.117327 665.671145 -2.071463 8241.159663 0.008774
460 26.787983 664.999372 2.117330 664.999372 -2.071460 8241.159663 0.008774
461 26.787500 664.327433 2.117334 664.327433 -2.071456 8241.159663 0.008774
462 26.787017 663.655328 2.117337 663.655328 -2.071453 8241.159663 0.008774
463 26.786533 662.983054 2.117340 662.983054 -2.071450 8241.159663 0.008774
464 26.786048 662.310609 2.117344 662.310609 -2.071446 8241.159663 0.008774
465 26.785564 661.637991 2.117347 661.637991 -2.071443 8241.159663 0.008774
466 26.785078 660.965198 2.117350 660.965198 -2.071440 8241.159663 0.008774
467 26.784593 660.292227 2.117354 660.292227 -2.071436 8241.159663 0.008774
468 26.784106 659.619076 2.117357 659.619076 -2.071433 8241.159663 0.008774
469 26.783620 658.945743 2.117361 658.945743 -2.071430 8241.159663 0.008774
470 26.783133 658.272226 2.117364 658.272226 -2.071426 8241.159663 0.008774
471 26.782645 657.598522 2.117367 657.598522 -2.071423 8241.159663 0.008774
472 26.782157 656.924629 2.117371 656.924629 -2.071419 8241.159663 0.008774
473 26.781668 656.250544 2.117374 656.250544 -2.071416 8241.159663 0.008774
474 26.781179 655.576266 2.117378 655.576266 -2.071413 8241.159663 0.008774
475 26.780689 654.901791 2.117381 654.901791 -2.071409 8241.159663 0.008774
476 26.780199 654.227117 2.117384 654.227117 -2.071406 8241.159663 0.008774
477 26.779709 653.552242 2.117388 653.552242 -2.071402 8241.159663 0.008774
478 26.779218 652.877163 2.117391 652.877163 -2.071399 8241.159663 0.008774
479 26.778726 652.201878 2.117395 652.201878 -2.071396 8241.159663 0.008774
480 26.778234 651.526384 2.117398 651.526384 -2.071392 8241.159663 0.008774
481 26.777742 650.850678 2.117402 650.850678 -2.071389 8241.159663 0.008774
482 26.777249 650.174758 2.117405 650.174758 -2.071385 8241.159663 0.008774
483 26.776755 649.498621 2.117409 649.498621 -2.071382 8241.159663 0.008774
484 26.776261 648.822265 2.117412 648.822265 -2.071378 8241.159663 0.008774
485 26.775766 648.145686 2.117416 648.145686 -2.071375 8241.159663 0.008774
486 26.775271 647.468882 2.117419 647.468882 -2.071371 8241.159663 0.008774
487 26.774776 646.791851 2.117423 646.791851 -2.071368 8241.159663 0.008774
488 26.774280 646.114589 2.117426 646.114589 -2.071364 8241.159663 0.008774
489 26.773783 645.437093 2.117430 645.437093 -2.071361 8241.159663 0.008774
490 26.773286 644.759362 2.117433 644.759362 -2.071357 8241.159663 0.008774
491 26.772788 644.081391 2.117437 644.081391 -2.071354 8241.159663 0.008774
492 26.772290 643.403178 2.117440 643.403178 -2.071350 8241.159663 0.008774
493 26.771791 642.724720 2.117444 642.724720 -2.071347 8241.159663 0.008774
494 26.771292 642.046014 2.117447 642.046014 -2.071343 8241.159663 0.008774
495 26.770792 641.367057 2.117451 641.367057 -2.071339 8241.159663 0.008774
496 26.770292 640.687846 2.117454 640.687846 -2.071336 8241.159663 0.008774
497 26.769791 640.008378 2.117458 640.008378 -2.071332 8241.159663 0.008774
498 26.769290 639.328650 2.117462 639.328650 -2.071329 8241.159663 0.008774
499 26.768788 638.648659 2.117465 638.648659 -2.071325 8241.159663 0.008774
500 26.768286 637.968401 2.117469 637.968401 -2.071321 8241.159663 0.008774
501 26.767783 637.287873 2.117472 637.287873 -2.071318 8241.159663 0.008774
502 26.767279 636.607073 2.117476 636.607073 -2.071314 8241.159663 0.008774
503 26.766775 635.925996 2.117480 635.925996 -2.071311 8241.159663 0.008774
504 26.766270 635.244640 2.117483 635.244640 -2.071307 8241.159663 0.008774
505 26.765765 634.563002 2.117487 634.563002 -2.071303 8241.159663 0.008774
506 26.765259 633.881077 2.117491 633.881077 -2.071300 8241.159663 0.008774
507 26.764753 633.198863 2.117494 633.198863 -2.071296 8241.159663 0.008774
508 26.764246 632.516356 2.117498 632.516356 -2.071292 8241.159663 0.008774
509 26.763739 631.833553 2.117502 631.833553 -2.071289 8241.159663 0.008774
510 26.763231 631.150450 2.117505 631.150450 -2.071285 8241.159663 0.008774
511 26.762722 630.467045 2.117509 630.467045 -2.071281 8241.159663 0.008774
512 26.762213 629.783332 2.117513 629.783332 -2.071277 8241.159663 0.008774
513 26.761703 629.099309 2.117516 629.099309 -2.071274 8241.159663 0.008774
514 26.761193 628.414972 2.117520 628.414972 -2.071270 8241.159663 0.008774
515 26.760682 627.730317 2.117524 627.730317 -2.071266 8241.159663 0.008774
516 26.760171 627.045342 2.117528 627.045342 -2.071263 8241.159663 0.008774
517 26.759658 626.360041 2.117531 626.360041 -2.071259 8241.159663 0.008774
518 26.759146 625.674412 2.117535 625.674412 -2.071255 8241.159663 0.008774
519 26.758632 624.988450 2.117539 624.988450 -2.071251 8241.159663 0.008774
520 26.758119 624.302152 2.117543 624.302152 -2.071247 8241.159663 0.008774
521 26.757604 623.615514 2.117547 623.615514 -2.071244 8241.159663 0.008774
522 26.757089 622.928532 2.117550 622.928532 -2.071240 8241.159663 0.008774
523 26.756573 622.241202 2.117554 622.241202 -2.071236 8241.159663 0.008774
524 26.756057 621.553520 2.117558 621.553520 -2.071232 8241.159663 0.008774
525 26.755540 620.865483 2.117562 620.865483 -2.071228 8241.159663 0.008774
526 26.755023 620.177085 2.117566 620.177085 -2.071225 8241.159663 0.008774
527 26.754505 619.488324 2.117569 619.488324 -2.071221 8241.159663 0.008774
528 26.753986 618.799194 2.117573 618.799194 -2.071217 8241.159663 0.008774
529 26.753466 618.109693 2.117577 618.109693 -2.071213 8241.159663 0.008774
530 26.752946 617.419815 2.117581 617.419815 -2.071209 8241.159663 0.008774
531 26.752426 616.729556 2.117585 616.729556 -2.071205 8241.159663 0.008774
532 26.751904 616.038913 2.117589 616.038913 -2.071201 8241.159663 0.008774
533 26.751382 615.347881 2.117593 615.347881 -2.071197 8241.159663 0.008774
534 26.750860 614.656455 2.117597 614.656455 -2.071194 8241.159663 0.008774
535 26.750337 613.964631 2.117601 613.964631 -2.071190 8241.159663 0.008774
536 26.749813 613.272405 2.117605 613.272405 -2.071186 8241.159663 0.008774
537 26.749288 612.579773 2.117609 612.579773 -2.071182 8241.159663 0.008774
538 26.748763 611.886729 2.117612 611.886729 -2.071178 8241.159663 0.008774
539 26.748237 611.193270 2.117616 611.193270 -2.071174 8241.159663 0.008774
540 26.747710 610.499390 2.117620 610.499390 -2.071170 8241.159663 0.008774
541 26.747183 609.805085 2.117624 609.805085 -2.071166 8241.159663 0.008774
542 26.746655 609.110351 2.117628 609.110351 -2.071162 8241.159663 0.008774
543 26.746127 608.415182 2.117632 608.415182 -2.071158 8241.159663 0.008774
544 26.745597 607.719574 2.117636 607.719574 -2.071154 8241.159663 0.008774
545 26.745068 607.023522 2.117640 607.023522 -2.071150 8241.159663 0.008774
546 26.744537 606.327022 2.117644 606.327022 -2.071146 8241.159663 0.008774
547 26.744006 605.630068 2.117649 605.630068 -2.071142 8241.159663 0.008774
548 26.743473 604.932655 2.117653 604.932655 -2.071138 8241.159663 0.008774
549 26.742941 604.234779 2.117657 604.234779 -2.071134 8241.159663 0.008774
550 26.742407 603.536434 2.117661 603.536434 -2.071129 8241.159663 0.008774
551 26.741873 602.837616 2.117665 602.837616 -2.071125 8241.159663 0.008774
552 26.741338 602.138319 2.117669 602.138319 -2.071121 8241.159663 0.008774
553 26.740803 601.438538 2.117673 601.438538 -2.071117 8241.159663 0.008774
554 26.740266 600.738268 2.117677 600.738268 -2.071113 8241.159663 0.008774
555 26.739729 600.037503 2.117681 600.037503 -2.071109 8241.159663 0.008774
556 26.739191 599.336238 2.117685 599.336238 -2.071105 8241.159663 0.008774
557 26.738653 598.634469 2.117690 598.634469 -2.071101 8241.159663 0.008774
558 26.738113 597.932188 2.117694 597.932188 -2.071096 8241.159663 0.008774
559 26.737573 597.229392 2.117698 597.229392 -2.071092 8241.159663 0.008774
560 26.737032 596.526074 2.117702 596.526074 -2.071088 8241.159663 0.008774
561 26.736491 595.822229 2.117706 595.822229 -2.071084 8241.159663 0.008774
562 26.735948 595.117851 2.117711 595.117851 -2.071080 8241.159663 0.008774
563 26.735405 594.412935 2.117715 594.412935 -2.071075 8241.159663 0.008774
564 26.734861 593.707474 2.117719 593.707474 -2.071071 8241.159663 0.008774
565 26.734317 593.001463 2.117723 593.001463 -2.071067 8241.159663 0.008774
566 26.733771 592.294897 2.117728 592.294897 -2.071063 8241.159663 0.008774
567 26.733225 591.587768 2.117732 591.587768 -2.071058 8241.159663 0.008774
568 26.732678 590.880072 2.117736 590.880072 -2.071054 8241.159663 0.008774
569 26.732130 590.171802 2.117740 590.171802 -2.071050 8241.159663 0.008774
570 26.731581 589.462952 2.117745 589.462952 -2.071045 8241.159663 0.008774
571 26.731032 588.753515 2.117749 588.753515 -2.071041 8241.159663 0.008774
572 26.730482 588.043487 2.117753 588.043487 -2.071037 8241.159663 0.008774
573 26.729931 587.332860 2.117758 587.332860 -2.071032 8241.159663 0.008774
574 26.729379 586.621628 2.117762 586.621628 -2.071028 8241.159663 0.008774
575 26.728826 585.909785 2.117767 585.909785 -2.071024 8241.159663 0.008774
576 26.728272 585.197324 2.117771 585.197324 -2.071019 8241.159663 0.008774
577 26.727718 584.484238 2.117775 584.484238 -2.071015 8241.159663 0.008774
578 26.727162 583.770522 2.117780 583.770522 -2.071010 8241.159663 0.008774
579 26.726606 583.056168 2.117784 583.056168 -2.071006 8241.159663 0.008774
580 26.726049 582.341170 2.117789 582.341170 -2.071002 8241.159663 0.008774
581 26.725491 581.625521 2.117793 581.625521 -2.070997 8241.159663 0.008774
582 26.724932 580.909214 2.117798 580.909214 -2.070993 8241.159663 0.008774
583 26.724373 580.192242 2.117802 580.192242 -2.070988 8241.159663 0.008774
584 26.723812 579.474598 2.117807 579.474598 -2.070984 8241.159663 0.008774
585 26.723251 578.756276 2.117811 578.756276 -2.070979 8241.159663 0.008774
586 26.722688 578.037267 2.117816 578.037267 -2.070975 8241.159663 0.008774
587 26.722125 577.317565 2.117820 577.317565 -2.070970 8241.159663 0.008774
588 26.721561 576.597162 2.117825 576.597162 -2.070966 8241.159663 0.008774
589 26.720995 575.876051 2.117829 575.876051 -2.070961 8241.159663 0.008774
590 26.720429 575.154224 2.117834 575.154224 -2.070956 8241.159663 0.008774
591 26.719862 574.431675 2.117838 574.431675 -2.070952 8241.159663 0.008774
592 26.719294 573.708395 2.117843 573.708395 -2.070947 8241.159663 0.008774
593 26.718726 572.984377 2.117848 572.984377 -2.070943 8241.159663 0.008774
594 26.718156 572.259613 2.117852 572.259613 -2.070938 8241.159663 0.008774
595 26.717585 571.534094 2.117857 571.534094 -2.070933 8241.159663 0.008774
596 26.717013 570.807814 2.117862 570.807814 -2.070929 8241.159663 0.008774
597 26.716440 570.080764 2.117866 570.080764 -2.070924 8241.159663 0.008774
598 26.715867 569.352936 2.117871 569.352936 -2.070919 8241.159663 0.008774
599 26.715292 568.624322 2.117876 568.624322 -2.070915 8241.159663 0.008774
600 26.714716 567.894914 2.117880 567.894914 -2.070910 8241.159663 0.008774
601 26.714139 567.164702 2.117885 567.164702 -2.070905 8241.159663 0.008774
602 26.713562 566.433680 2.117890 566.433680 -2.070900 8241.159663 0.008774
603 26.712983 565.701837 2.117895 565.701837 -2.070895 8241.159663 0.008774
604 26.712403 564.969166 2.117900 564.969166 -2.070891 8241.159663 0.008774
605 26.711822 564.235658 2.117904 564.235658 -2.070886 8241.159663 0.008774
606 26.711240 563.501303 2.117909 563.501303 -2.070881 8241.159663 0.008774
607 26.710657 562.766094 2.117914 562.766094 -2.070876 8241.159663 0.008774
608 26.710073 562.030020 2.117919 562.030020 -2.070871 8241.159663 0.008774
609 26.709488 561.293073 2.117924 561.293073 -2.070867 8241.159663 0.008774
610 26.708902 560.555244 2.117929 560.555244 -2.070862 8241.159663 0.008774
611 26.708315 559.816523 2.117933 559.816523 -2.070857 8241.159663 0.008774
612 26.707726 559.076900 2.117938 559.076900 -2.070852 8241.159663 0.008774
613 26.707137 558.336367 2.117943 558.336367 -2.070847 8241.159663 0.008774
614 26.706546 557.594913 2.117948 557.594913 -2.070842 8241.159663 0.008774
615 26.705954 556.852529 2.117953 556.852529 -2.070837 8241.159663 0.008774
616 26.705362 556.109205 2.117958 556.109205 -2.070832 8241.159663 0.008774
617 26.704768 555.364930 2.117963 555.364930 -2.070827 8241.159663 0.008774
618 26.704172 554.619695 2.117968 554.619695 -2.070822 8241.159663 0.008774
619 26.703576 553.873489 2.117973 553.873489 -2.070817 8241.159663 0.008774
620 26.702979 553.126303 2.117978 553.126303 -2.070812 8241.159663 0.008774
621 26.702380 552.378125 2.117983 552.378125 -2.070807 8241.159663 0.008774
622 26.701780 551.628944 2.117989 551.628944 -2.070802 8241.159663 0.008774
623 26.701179 550.878751 2.117994 550.878751 -2.070797 8241.159663 0.008774
624 26.700577 550.127535 2.117999 550.127535 -2.070791 8241.159663 0.008774
625 26.699973 549.375283 2.118004 549.375283 -2.070786 8241.159663 0.008774
626 26.699368 548.621986 2.118009 548.621986 -2.070781 8241.159663 0.008774
627 26.698762 547.867632 2.118014 547.867632 -2.070776 8241.159663 0.008774
628 26.698155 547.112209 2.118020 547.112209 -2.070771 8241.159663 0.008774
629 26.697547 546.355706 2.118025 546.355706 -2.070765 8241.159663 0.008774
630 26.696937 545.598111 2.118030 545.598111 -2.070760 8241.159663 0.008774
631 26.696326 544.839412 2.118035 544.839412 -2.070755 8241.159663 0.008774
632 26.695714 544.079598 2.118041 544.079598 -2.070750 8241.159663 0.008774
633 26.695100 543.318657 2.118046 543.318657 -2.070744 8241.159663 0.008774
634 26.694485 542.556575 2.118051 542.556575 -2.070739 8241.159663 0.008774
635 26.693869 541.793341 2.118057 541.793341 -2.070734 8241.159663 0.008774
636 26.693251 541.028942 2.118062 541.028942 -2.070728 8241.159663 0.008774
637 26.692632 540.263365 2.118067 540.263365 -2.070723 8241.159663 0.008774
638 26.692011 539.496597 2.118073 539.496597 -2.070717 8241.159663 0.008774
639 26.691390 538.728626 2.118078 538.728626 -2.070712 8241.159663 0.008774
640 26.690766 537.959437 2.118084 537.959437 -2.070707 8241.159663 0.008774
641 26.690142 537.189018 2.118089 537.189018 -2.070701 8241.159663 0.008774
642 26.689516 536.417355 2.118095 536.417355 -2.070696 8241.159663 0.008774
643 26.688888 535.644435 2.118100 535.644435 -2.070690 8241.159663 0.008774
644 26.688260 534.870242 2.118106 534.870242 -2.070685 8241.159663 0.008774
645 26.687629 534.094763 2.118111 534.094763 -2.070679 8241.159663 0.008774
646 26.686997 533.317985 2.118117 533.317985 -2.070673 8241.159663 0.008774
647 26.686364 532.539891 2.118122 532.539891 -2.070668 8241.159663 0.008774
648 26.685729 531.760468 2.118128 531.760468 -2.070662 8241.159663 0.008774
649 26.685093 530.979700 2.118134 530.979700 -2.070656 8241.159663 0.008774
650 26.684455 530.197573 2.118139 530.197573 -2.070651 8241.159663 0.008774
651 26.683816 529.414071 2.118145 529.414071 -2.070645 8241.159663 0.008774
652 26.683175 528.629178 2.118151 528.629178 -2.070639 8241.159663 0.008774
653 26.682532 527.842879 2.118157 527.842879 -2.070634 8241.159663 0.008774
654 26.681888 527.055158 2.118162 527.055158 -2.070628 8241.159663 0.008774
655 26.681243 526.265999 2.118168 526.265999 -2.070622 8241.159663 0.008774
656 26.680595 525.475385 2.118174 525.475385 -2.070616 8241.159663 0.008774
657 26.679946 524.683299 2.118180 524.683299 -2.070610 8241.159663 0.008774
658 26.679296 523.889725 2.118186 523.889725 -2.070605 8241.159663 0.008774
659 26.678643 523.094646 2.118192 523.094646 -2.070599 8241.159663 0.008774
660 26.677989 522.298044 2.118198 522.298044 -2.070593 8241.159663 0.008774
661 26.677334 521.499901 2.118203 521.499901 -2.070587 8241.159663 0.008774
662 26.676676 520.700200 2.118209 520.700200 -2.070581 8241.159663 0.008774
663 26.676017 519.898922 2.118215 519.898922 -2.070575 8241.159663 0.008774
664 26.675356 519.096049 2.118221 519.096049 -2.070569 8241.159663 0.008774
665 26.674694 518.291563 2.118228 518.291563 -2.070563 8241.159663 0.008774
666 26.674029 517.485444 2.118234 517.485444 -2.070557 8241.159663 0.008774
667 26.673363 516.677673 2.118240 516.677673 -2.070550 8241.159663 0.008774
668 26.672695 515.868231 2.118246 515.868231 -2.070544 8241.159663 0.008774
669 26.672025 515.057098 2.118252 515.057098 -2.070538 8241.159663 0.008774
670 26.671353 514.244253 2.118258 514.244253 -2.070532 8241.159663 0.008774
671 26.670680 513.429677 2.118264 513.429677 -2.070526 8241.159663 0.008774
672 26.670004 512.613348 2.118271 512.613348 -2.070519 8241.159663 0.008774
673 26.669327 511.795245 2.118277 511.795245 -2.070513 8241.159663 0.008774
674 26.668647 510.975348 2.118283 510.975348 -2.070507 8241.159663 0.008774
675 26.667966 510.153633 2.118290 510.153633 -2.070501 8241.159663 0.008774
676 26.667283 509.330080 2.118296 509.330080 -2.070494 8241.159663 0.008774
677 26.666597 508.504665 2.118302 508.504665 -2.070488 8241.159663 0.008774
678 26.665910 507.677366 2.118309 507.677366 -2.070481 8241.159663 0.008774
679 26.665220 506.848160 2.118315 506.848160 -2.070475 8241.159663 0.008774
680 26.664529 506.017024 2.118322 506.017024 -2.070468 8241.159663 0.008774
681 26.663835 505.183932 2.118328 505.183932 -2.070462 8241.159663 0.008774
682 26.663139 504.348862 2.118335 504.348862 -2.070455 8241.159663 0.008774
683 26.662441 503.511787 2.118342 503.511787 -2.070449 8241.159663 0.008774
684 26.661741 502.672684 2.118348 502.672684 -2.070442 8241.159663 0.008774
685 26.661039 501.831527 2.118355 501.831527 -2.070435 8241.159663 0.008774
686 26.660335 500.988289 2.118362 500.988289 -2.070429 8241.159663 0.008774
687 26.659628 500.142945 2.118368 500.142945 -2.070422 8241.159663 0.008774
688 26.658919 499.295467 2.118375 499.295467 -2.070415 8241.159663 0.008774
689 26.658208 498.445828 2.118382 498.445828 -2.070408 8241.159663 0.008774
690 26.657494 497.594000 2.118389 497.594000 -2.070401 8241.159663 0.008774
691 26.656778 496.739955 2.118396 496.739955 -2.070395 8241.159663 0.008774
692 26.656060 495.883665 2.118403 495.883665 -2.070388 8241.159663 0.008774
693 26.655339 495.025099 2.118409 495.025099 -2.070381 8241.159663 0.008774
694 26.654616 494.164229 2.118416 494.164229 -2.070374 8241.159663 0.008774
695 26.653890 493.301024 2.118423 493.301024 -2.070367 8241.159663 0.008774
696 26.653162 492.435453 2.118431 492.435453 -2.070360 8241.159663 0.008774
697 26.652431 491.567484 2.118438 491.567484 -2.070353 8241.159663 0.008774
698 26.651698 490.697086 2.118445 490.697086 -2.070345 8241.159663 0.008774
699 26.650962 489.824226 2.118452 489.824226 -2.070338 8241.159663 0.008774
700 26.650223 488.948871 2.118459 488.948871 -2.070331 8241.159663 0.008774
701 26.649482 488.070987 2.118466 488.070987 -2.070324 8241.159663 0.008774
702 26.648738 487.190540 2.118474 487.190540 -2.070316 8241.159663 0.008774
703 26.647992 486.307495 2.118481 486.307495 -2.070309 8241.159663 0.008774
704 26.647243 485.421815 2.118489 485.421815 -2.070302 8241.159663 0.008774
705 26.646490 484.533465 2.118496 484.533465 -2.070294 8241.159663 0.008774
706 26.645736 483.642407 2.118503 483.642407 -2.070287 8241.159663 0.008774
707 26.644978 482.748603 2.118511 482.748603 -2.070279 8241.159663 0.008774
708 26.644217 481.852016 2.118519 481.852016 -2.070272 8241.159663 0.008774
709 26.643453 480.952605 2.118526 480.952605 -2.070264 8241.159663 0.008774
710 26.642687 480.050330 2.118534 480.050330 -2.070256 8241.159663 0.008774
711 26.641917 479.145151 2.118542 479.145151 -2.070249 8241.159663 0.008774
712 26.641144 478.237026 2.118549 478.237026 -2.070241 8241.159663 0.008774
713 26.640369 477.325911 2.118557 477.325911 -2.070233 8241.159663 0.008774
714 26.639590 476.411765 2.118565 476.411765 -2.070225 8241.159663 0.008774
715 26.638807 475.494541 2.118573 475.494541 -2.070217 8241.159663 0.008774
716 26.638022 474.574196 2.118581 474.574196 -2.070209 8241.159663 0.008774
717 26.637233 473.650683 2.118589 473.650683 -2.070201 8241.159663 0.008774
718 26.636441 472.723954 2.118597 472.723954 -2.070193 8241.159663 0.008774
719 26.635646 471.793961 2.118605 471.793961 -2.070185 8241.159663 0.008774
720 26.634847 470.860655 2.118613 470.860655 -2.070177 8241.159663 0.008774
721 26.634045 469.923986 2.118621 469.923986 -2.070169 8241.159663 0.008774
722 26.633239 468.983902 2.118630 468.983902 -2.070161 8241.159663 0.008774
723 26.632430 468.040351 2.118638 468.040351 -2.070152 8241.159663 0.008774
724 26.631617 467.093280 2.118646 467.093280 -2.070144 8241.159663 0.008774
725 26.630800 466.142632 2.118655 466.142632 -2.070135 8241.159663 0.008774
726 26.629979 465.188352 2.118663 465.188352 -2.070127 8241.159663 0.008774
727 26.629155 464.230382 2.118672 464.230382 -2.070118 8241.159663 0.008774
728 26.628327 463.268665 2.118681 463.268665 -2.070110 8241.159663 0.008774
729 26.627495 462.303138 2.118689 462.303138 -2.070101 8241.159663 0.008774
730 26.626659 461.333742 2.118698 461.333742 -2.070092 8241.159663 0.008774
731 26.625819 460.360414 2.118707 460.360414 -2.070083 8241.159663 0.008774
732 26.624975 459.383087 2.118716 459.383087 -2.070075 8241.159663 0.008774
733 26.624127 458.401698 2.118725 458.401698 -2.070066 8241.159663 0.008774
734 26.623274 457.416177 2.118734 457.416177 -2.070057 8241.159663 0.008774
735 26.622417 456.426456 2.118743 456.426456 -2.070047 8241.159663 0.008774
736 26.621556 455.432464 2.118752 455.432464 -2.070038 8241.159663 0.008774
737 26.620691 454.434128 2.118761 454.434128 -2.070029 8241.159663 0.008774
738 26.619821 453.431373 2.118770 453.431373 -2.070020 8241.159663 0.008774
739 26.618946 452.424124 2.118780 452.424124 -2.070010 8241.159663 0.008774
740 26.618066 451.412301 2.118789 451.412301 -2.070001 8241.159663 0.008774
741 26.617182 450.395824 2.118799 450.395824 -2.069992 8241.159663 0.008774
742 26.616293 449.374611 2.118808 449.374611 -2.069982 8241.159663 0.008774
743 26.615399 448.348576 2.118818 448.348576 -2.069972 8241.159663 0.008774
744 26.614500 447.317634 2.118828 447.317634 -2.069963 8241.159663 0.008774
745 26.613596 446.281694 2.118838 446.281694 -2.069953 8241.159663 0.008774
746 26.612687 445.240665 2.118847 445.240665 -2.069943 8241.159663 0.008774
747 26.611773 444.194453 2.118857 444.194453 -2.069933 8241.159663 0.008774
748 26.610853 443.142961 2.118868 443.142961 -2.069923 8241.159663 0.008774
749 26.609928 442.086089 2.118878 442.086089 -2.069913 8241.159663 0.008774
750 26.608997 441.023735 2.118888 441.023735 -2.069902 8241.159663 0.008774
751 26.608060 439.955793 2.118898 439.955793 -2.069892 8241.159663 0.008774
752 26.607118 438.882156 2.118909 438.882156 -2.069881 8241.159663 0.008774
753 26.606170 437.802711 2.118919 437.802711 -2.069871 8241.159663 0.008774
754 26.605216 436.717344 2.118930 436.717344 -2.069860 8241.159663 0.008774
755 26.604255 435.625937 2.118941 435.625937 -2.069850 8241.159663 0.008774
756 26.603289 434.528368 2.118951 434.528368 -2.069839 8241.159663 0.008774
757 26.602316 433.424510 2.118962 433.424510 -2.069828 8241.159663 0.008774
758 26.601336 432.314236 2.118973 432.314236 -2.069817 8241.159663 0.008774
759 26.600350 431.197411 2.118985 431.197411 -2.069806 8241.159663 0.008774
760 26.599357 430.073898 2.118996 430.073898 -2.069794 8241.159663 0.008774
761 26.598357 428.943555 2.119007 428.943555 -2.069783 8241.159663 0.008774
762 26.597350 427.806234 2.119019 427.806234 -2.069771 8241.159663 0.008774
763 26.596336 426.661785 2.119030 426.661785 -2.069760 8241.159663 0.008774
764 26.595315 425.510051 2.119042 425.510051 -2.069748 8241.159663 0.008774
765 26.594286 424.350871 2.119054 424.350871 -2.069736 8241.159663 0.008774
766 26.593249 423.184076 2.119066 423.184076 -2.069724 8241.159663 0.008774
767 26.592204 422.009494 2.119078 422.009494 -2.069712 8241.159663 0.008774
768 26.591151 420.826947 2.119090 420.826947 -2.069700 8241.159663 0.008774
769 26.590091 419.636247 2.119103 419.636247 -2.069688 8241.159663 0.008774
770 26.589021 418.437205 2.119115 418.437205 -2.069675 8241.159663 0.008774
771 26.587943 417.229619 2.119128 417.229619 -2.069662 8241.159663 0.008774
772 26.586856 416.013286 2.119141 416.013286 -2.069650 8241.159663 0.008774
773 26.585760 414.787989 2.119154 414.787989 -2.069637 8241.159663 0.008774
774 26.584655 413.553508 2.119167 413.553508 -2.069624 8241.159663 0.008774
775 26.583540 412.309611 2.119180 412.309611 -2.069610 8241.159663 0.008774
776 26.582416 411.056059 2.119193 411.056059 -2.069597 8241.159663 0.008774
777 26.581281 409.792603 2.119207 409.792603 -2.069583 8241.159663 0.008774
778 26.580137 408.518985 2.119221 408.518985 -2.069570 8241.159663 0.008774
779 26.578981 407.234934 2.119235 407.234934 -2.069556 8241.159663 0.008774
780 26.577815 405.940170 2.119249 405.940170 -2.069542 8241.159663 0.008774
781 26.576638 404.634401 2.119263 404.634401 -2.069527 8241.159663 0.008774
782 26.575449 403.317322 2.119277 403.317322 -2.069513 8241.159663 0.008774
783 26.574249 401.988615 2.119292 401.988615 -2.069498 8241.159663 0.008774
784 26.573036 400.647949 2.119307 400.647949 -2.069483 8241.159663 0.008774
785 26.571811 399.294975 2.119322 399.294975 -2.069468 8241.159663 0.008774
786 26.570573 397.929333 2.119337 397.929333 -2.069453 8241.159663 0.008774
787 26.569322 396.550643 2.119353 396.550643 -2.069437 8241.159663 0.008774
788 26.568058 395.158507 2.119369 395.158507 -2.069421 8241.159663 0.008774
789 26.566779 393.752511 2.119385 393.752511 -2.069405 8241.159663 0.008774
790 26.565486 392.332218 2.119401 392.332218 -2.069389 8241.159663 0.008774
791 26.564178 390.897170 2.119418 390.897170 -2.069373 8241.159663 0.008774
792 26.562855 389.446887 2.119434 389.446887 -2.069356 8241.159663 0.008774
793 26.561515 387.980862 2.119451 387.980862 -2.069339 8241.159663 0.008774
794 26.560160 386.498566 2.119469 386.498566 -2.069322 8241.159663 0.008774
795 26.558787 384.999436 2.119486 384.999436 -2.069304 8241.159663 0.008774
796 26.557396 383.482883 2.119504 383.482883 -2.069286 8241.159663 0.008774
797 26.555987 381.948282 2.119522 381.948282 -2.069268 8241.159663 0.008774
798 26.554560 380.394976 2.119541 380.394976 -2.069249 8241.159663 0.008774
799 26.553112 378.822267 2.119560 378.822267 -2.069230 8241.159663 0.008774
800 26.551644 377.229416 2.119579 377.229416 -2.069211 8241.159663 0.008774
801 26.550155 375.615642 2.119599 375.615642 -2.069191 8241.159663 0.008774
802 26.548644 373.980112 2.119619 373.980112 -2.069171 8241.159663 0.008774
803 26.547110 372.321943 2.119639 372.321943 -2.069151 8241.159663 0.008774
804 26.545552 370.640195 2.119660 370.640195 -2.069130 8241.159663 0.008774
805 26.543969 368.933863 2.119681 368.933863 -2.069109 8241.159663 0.008774
806 26.542360 367.201877 2.119703 367.201877 -2.069087 8241.159663 0.008774
807 26.540723 365.443090 2.119725 365.443090 -2.069065 8241.159663 0.008774
808 26.539058 363.656275 2.119748 363.656275 -2.069042 8241.159663 0.008774
809 26.537363 361.840112 2.119771 361.840112 -2.069019 8241.159663 0.008774
810 26.535637 359.993184 2.119795 359.993184 -2.068995 8241.159663 0.008774
811 26.533878 358.113964 2.119820 358.113964 -2.068971 8241.159663 0.008774
812 26.532084 356.200803 2.119845 356.200803 -2.068946 8241.159663 0.008774
813 26.530254 354.251914 2.119870 354.251914 -2.068920 8241.159663 0.008774
814 26.528385 352.265361 2.119897 352.265361 -2.068894 8241.159663 0.008774
815 26.526476 350.239039 2.119924 350.239039 -2.068866 8241.159663 0.008774
816 26.524524 348.170651 2.119952 348.170651 -2.068838 8241.159663 0.008774
817 26.522526 346.057686 2.119980 346.057686 -2.068810 8241.159663 0.008774
818 26.520479 343.897392 2.120010 343.897392 -2.068780 8241.159663 0.008774
819 26.518381 341.686738 2.120041 341.686738 -2.068749 8241.159663 0.008774
820 26.516227 339.422379 2.120072 339.422379 -2.068718 8241.159663 0.008774
821 26.514015 337.100610 2.120105 337.100610 -2.068685 8241.159663 0.008774
822 26.511739 334.717306 2.120139 334.717306 -2.068651 8241.159663 0.008774
823 26.509395 332.267859 2.120174 332.267859 -2.068616 8241.159663 0.008774
824 26.506977 329.747096 2.120211 329.747096 -2.068579 8241.159663 0.008774
825 26.504479 327.149181 2.120249 327.149181 -2.068541 8241.159663 0.008774
826 26.501895 324.467489 2.120289 324.467489 -2.068502 8241.159663 0.008774
827 26.499216 321.694461 2.120330 321.694461 -2.068460 8241.159663 0.008774
828 26.496434 318.821408 2.120374 318.821408 -2.068416 8241.159663 0.008774
829 26.493537 315.838269 2.120420 315.838269 -2.068371 8241.159663 0.008774
830 26.490512 312.733299 2.120468 312.733299 -2.068322 8241.159663 0.008774
831 26.487347 309.492663 2.120519 309.492663 -2.068271 8241.159663 0.008774
832 26.484022 306.099884 2.120573 306.099884 -2.068217 8241.159663 0.008774
833 26.480516 302.535116 2.120631 302.535116 -2.068159 8241.159663 0.008774
834 26.476805 298.774123 2.120693 298.774123 -2.068097 8241.159663 0.008774
835 26.472855 294.786842 2.120760 294.786842 -2.068030 8241.159663 0.008774
836 26.468625 290.535291 2.120833 290.535291 -2.067957 8241.159663 0.008774
837 26.464063 285.970431 2.120912 285.970431 -2.067878 8241.159663 0.008774
838 26.459098 281.027256 2.121001 281.027256 -2.067790 8241.159663 0.008774
