20 26.932284 904.778951 2.116430 904.778951 -2.072360 8241.159663 0.008774
21 26.932281 904.671052 2.116431 904.671052 -2.072360 8241.159663 0.008774
22 26.932277 904.556977 2.116431 904.556977 -2.072359 8241.159663 0.008774
23 26.932272 904.436718 2.116431 904.436718 -2.072359 8241.159663 0.008774
24 26.932267 904.310270 2.116432 904.310270 -2.072358 8241.159663 0.008774
25 26.932260 904.177633 2.116432 904.177633 -2.072358 8241.159663 0.008774
26 26.932253 904.038811 2.116433 904.038811 -2.072358 8241.159663 0.008774
27 26.932244 903.893811 2.116433 903.893811 -2.072357 8241.159663 0.008774
28 26.932234 903.742644 2.116433 903.742644 -2.072357 8241.159663 0.008774
29 26.932222 903.585323 2.116434 903.585323 -2.072356 8241.159663 0.008774
30 26.932210 903.421864 2.116434 903.421864 -2.072356 8241.159663 0.008774
31 26.932195 903.252282 2.116435 903.252282 -2.072355 8241.159663 0.008774
32 26.932179 903.076598 2.116436 903.076598 -2.072355 8241.159663 0.008774
33 26.932162 902.894832 2.116436 902.894832 -2.072354 8241.159663 0.008774
34 26.932142 902.707006 2.116437 902.707006 -2.072354 8241.159663 0.008774
35 26.932121 902.513143 2.116437 902.513143 -2.072353 8241.159663 0.008774
36 26.932098 902.313269 2.116438 902.313269 -2.072352 8241.159663 0.008774
37 26.932073 902.107409 2.116439 902.107409 -2.072352 8241.159663 0.008774
38 26.932046 901.895590 2.116439 901.895590 -2.072351 8241.159663 0.008774
39 26.932017 901.677839 2.116440 901.677839 -2.072350 8241.159663 0.008774
40 26.931986 901.454185 2.116441 901.454185 -2.072350 8241.159663 0.008774
41 26.931953 901.224659 2.116441 901.224659 -2.072349 8241.159663 0.008774
42 26.931918 900.989289 2.116442 900.989289 -2.072348 8241.159663 0.008774
43 26.931880 900.748108 2.116443 900.748108 -2.072347 8241.159663 0.008774
44 26.931840 900.501148 2.116443 900.501148 -2.072347 8241.159663 0.008774
45 26.931797 900.248442 2.116444 900.248442 -2.072346 8241.159663 0.008774
46 26.931752 899.990024 2.116445 899.990024 -2.072345 8241.159663 0.008774
47 26.931705 899.725929 2.116446 899.725929 -2.072344 8241.159663 0.008774
48 26.931655 899.456191 2.116447 899.456191 -2.072344 8241.159663 0.008774
49 26.931603 899.180849 2.116448 899.180849 -2.072343 8241.159663 0.008774
50 26.931548 898.899939 2.116448 898.899939 -2.072342 8241.159663 0.008774
51 26.931491 898.613499 2.116449 898.613499 -2.072341 8241.159663 0.008774
52 26.931431 898.321568 2.116450 898.321568 -2.072340 8241.159663 0.008774
53 26.931369 898.024187 2.116451 898.024187 -2.072339 8241.159663 0.008774
54 26.931303 897.721396 2.116452 897.721396 -2.072338 8241.159663 0.008774
55 26.931236 897.413236 2.116453 897.413236 -2.072337 8241.159663 0.008774
56 26.931165 897.099750 2.116454 897.099750 -2.072336 8241.159663 0.008774
57 26.931092 896.780981 2.116455 896.780981 -2.072335 8241.159663 0.008774
58 26.931016 896.456973 2.116456 896.456973 -2.072334 8241.159663 0.008774
59 26.930938 896.127771 2.116457 896.127771 -2.072333 8241.159663 0.008774
60 26.930857 895.793419 2.116458 895.793419 -2.072332 8241.159663 0.008774
61 26.930773 895.453964 2.116459 895.453964 -2.072331 8241.159663 0.008774
62 26.930686 895.109453 2.116460 895.109453 -2.072330 8241.159663 0.008774
63 26.930597 894.759932 2.116461 894.759932 -2.072329 8241.159663 0.008774
64 26.930505 894.405450 2.116462 894.405450 -2.072328 8241.159663 0.008774
65 26.930410 894.046055 2.116463 894.046055 -2.072327 8241.159663 0.008774
66 26.930313 893.681796 2.116464 893.681796 -2.072326 8241.159663 0.008774
67 26.930213 893.312722 2.116465 893.312722 -2.072325 8241.159663 0.008774
68 26.930110 892.938883 2.116467 892.938883 -2.072324 8241.159663 0.008774
69 26.930004 892.560329 2.116468 892.560329 -2.072322 8241.159663 0.008774
70 26.929896 892.177111 2.116469 892.177111 -2.072321 8241.159663 0.008774
71 26.929785 891.789279 2.116470 891.789279 -2.072320 8241.159663 0.008774
72 26.929671 891.396886 2.116471 891.396886 -2.072319 8241.159663 0.008774
73 26.929555 890.999981 2.116473 890.999981 -2.072318 8241.159663 0.008774
74 26.929436 890.598617 2.116474 890.598617 -2.072316 8241.159663 0.008774
75 26.929314 890.192845 2.116475 890.192845 -2.072315 8241.159663 0.008774
76 26.929190 889.782718 2.116476 889.782718 -2.072314 8241.159663 0.008774
77 26.929063 889.368286 2.116477 889.368286 -2.072313 8241.159663 0.008774
78 26.928933 888.949603 2.116479 888.949603 -2.072312 8241.159663 0.008774
79 26.928801 888.526719 2.116480 888.526719 -2.072310 8241.159663 0.008774
80 26.928666 888.099687 2.116481 888.099687 -2.072309 8241.159663 0.008774
81 26.928528 887.668560 2.116483 887.668560 -2.072308 8241.159663 0.008774
82 26.928388 887.233387 2.116484 887.233387 -2.072306 8241.159663 0.008774
83 26.928245 886.794222 2.116485 886.794222 -2.072305 8241.159663 0.008774
84 26.928099 886.351116 2.116487 886.351116 -2.072304 8241.159663 0.008774
85 26.927952 885.904120 2.116488 885.904120 -2.072302 8241.159663 0.008774
86 26.927801 885.453285 2.116489 885.453285 -2.072301 8241.159663 0.008774
87 26.927648 884.998663 2.116491 884.998663 -2.072300 8241.159663 0.008774
88 26.927492 884.540304 2.116492 884.540304 -2.072298 8241.159663 0.008774
89 26.927334 884.078258 2.116493 884.078258 -2.072297 8241.159663 0.008774
90 26.927174 883.612576 2.116495 883.612576 -2.072295 8241.159663 0.008774
91 26.927011 883.143306 2.116496 883.143306 -2.072294 8241.159663 0.008774
92 26.926845 882.670500 2.116498 882.670500 -2.072293 8241.159663 0.008774
93 26.926677 882.194206 2.116499 882.194206 -2.072291 8241.159663 0.008774
94 26.926507 881.714473 2.116500 881.714473 -2.072290 8241.159663 0.008774
95 26.926334 881.231348 2.116502 881.231348 -2.072288 8241.159663 0.008774
96 26.926159 880.744881 2.116503 880.744881 -2.072287 8241.159663 0.008774
97 26.925981 880.255119 2.116505 880.255119 -2.072285 8241.159663 0.008774
98 26.925801 879.762108 2.116506 879.762108 -2.072284 8241.159663 0.008774
99 26.925619 879.265896 2.116508 879.265896 -2.072282 8241.159663 0.008774
100 26.925434 878.766529 2.116509 878.766529 -2.072281 8241.159663 0.008774
101 26.925247 878.264053 2.116511 878.264053 -2.072279 8241.159663 0.008774
102 26.925058 877.758513 2.116512 877.758513 -2.072278 8241.159663 0.008774
103 26.924866 877.249954 2.116514 877.249954 -2.072276 8241.159663 0.008774
104 26.924673 876.738420 2.116515 876.738420 -2.072275 8241.159663 0.008774
105 26.924477 876.223955 2.116517 876.223955 -2.072273 8241.159663 0.008774
106 26.924278 875.706604 2.116519 875.706604 -2.072272 8241.159663 0.008774
107 26.924078 875.186408 2.116520 875.186408 -2.072270 8241.159663 0.008774
108 26.923875 874.663411 2.116522 874.663411 -2.072268 8241.159663 0.008774
109 26.923670 874.137654 2.116523 874.137654 -2.072267 8241.159663 0.008774
110 26.923463 873.609179 2.116525 873.609179 -2.072265 8241.159663 0.008774
111 26.923254 873.078026 2.116526 873.078026 -2.072264 8241.159663 0.008774
112 26.923043 872.544237 2.116528 872.544237 -2.072262 8241.159663 0.008774
113 26.922829 872.007851 2.116530 872.007851 -2.072260 8241.159663 0.008774
114 26.922614 871.468908 2.116531 871.468908 -2.072259 8241.159663 0.008774
115 26.922396 870.927446 2.116533 870.927446 -2.072257 8241.159663 0.008774
116 26.922177 870.383505 2.116535 870.383505 -2.072256 8241.159663 0.008774
117 26.921955 869.837121 2.116536 869.837121 -2.072254 8241.159663 0.008774
118 26.921731 869.288333 2.116538 869.288333 -2.072252 8241.159663 0.008774
119 26.921506 868.737178 2.116540 868.737178 -2.072251 8241.159663 0.008774
120 26.921278 868.183692 2.116541 868.183692 -2.072249 8241.159663 0.008774
121 26.921048 867.627911 2.116543 867.627911 -2.072247 8241.159663 0.008774
122 26.920816 867.069870 2.116545 867.069870 -2.072246 8241.159663 0.008774
123 26.920583 866.509604 2.116546 866.509604 -2.072244 8241.159663 0.008774
124 26.920347 865.947149 2.116548 865.947149 -2.072242 8241.159663 0.008774
125 26.920110 865.382537 2.116550 865.382537 -2.072240 8241.159663 0.008774
126 26.919871 864.815803 2.116552 864.815803 -2.072239 8241.159663 0.008774
127 26.919629 864.246980 2.116553 864.246980 -2.072237 8241.159663 0.008774
128 26.919386 863.676100 2.116555 863.676100 -2.072235 8241.159663 0.008774
129 26.919141 863.103195 2.116557 863.103195 -2.072233 8241.159663 0.008774
130 26.918895 862.528297 2.116558 862.528297 -2.072232 8241.159663 0.008774
131 26.918646 861.951438 2.116560 861.951438 -2.072230 8241.159663 0.008774
132 26.918396 861.372647 2.116562 861.372647 -2.072228 8241.159663 0.008774
133 26.918144 860.791956 2.116564 860.791956 -2.072226 8241.159663 0.008774
134 26.917890 860.209394 2.116566 860.209394 -2.072225 8241.159663 0.008774
135 26.917634 859.624990 2.116567 859.624990 -2.072223 8241.159663 0.008774
136 26.917377 859.038774 2.116569 859.038774 -2.072221 8241.159663 0.008774
137 26.917118 858.450774 2.116571 858.450774 -2.072219 8241.159663 0.008774
138 26.916857 857.861018 2.116573 857.861018 -2.072217 8241.159663 0.008774
139 26.916594 857.269534 2.116575 857.269534 -2.072216 8241.159663 0.008774
140 26.916330 856.676350 2.116576 856.676350 -2.072214 8241.159663 0.008774
141 26.916064 856.081492 2.116578 856.081492 -2.072212 8241.159663 0.008774
142 26.915797 855.484986 2.116580 855.484986 -2.072210 8241.159663 0.008774
143 26.915528 854.886859 2.116582 854.886859 -2.072208 8241.159663 0.008774
144 26.915257 854.287137 2.116584 854.287137 -2.072206 8241.159663 0.008774
145 26.914984 853.685844 2.116586 853.685844 -2.072205 8241.159663 0.008774
146 26.914710 853.083007 2.116587 853.083007 -2.072203 8241.159663 0.008774
147 26.914435 852.478648 2.116589 852.478648 -2.072201 8241.159663 0.008774
148 26.914158 851.872793 2.116591 851.872793 -2.072199 8241.159663 0.008774
149 26.913879 851.265465 2.116593 851.265465 -2.072197 8241.159663 0.008774
150 26.913599 850.656688 2.116595 850.656688 -2.072195 8241.159663 0.008774
151 26.913317 850.046484 2.116597 850.046484 -2.072193 8241.159663 0.008774
152 26.913034 849.434877 2.116599 849.434877 -2.072191 8241.159663 0.008774
153 26.912749 848.821890 2.116601 848.821890 -2.072190 8241.159663 0.008774
154 26.912463 848.207543 2.116603 848.207543 -2.072188 8241.159663 0.008774
155 26.912175 847.591858 2.116604 847.591858 -2.072186 8241.159663 0.008774
156 26.911886 846.974858 2.116606 846.974858 -2.072184 8241.159663 0.008774
157 26.911596 846.356563 2.116608 846.356563 -2.072182 8241.159663 0.008774
158 26.911304 845.736994 2.116610 845.736994 -2.072180 8241.159663 0.008774
159 26.911010 845.116171 2.116612 845.116171 -2.072178 8241.159663 0.008774
160 26.910716 844.494114 2.116614 844.494114 -2.072176 8241.159663 0.008774
161 26.910419 843.870844 2.116616 843.870844 -2.072174 8241.159663 0.008774
162 26.910122 843.246379 2.116618 843.246379 -2.072172 8241.159663 0.008774
163 26.909823 842.620740 2.116620 842.620740 -2.072170 8241.159663 0.008774
164 26.909522 841.993944 2.116622 841.993944 -2.072168 8241.159663 0.008774
165 26.909221 841.366010 2.116624 841.366010 -2.072166 8241.159663 0.008774
166 26.908918 840.736957 2.116626 840.736957 -2.072164 8241.159663 0.008774
167 26.908613 840.106803 2.116628 840.106803 -2.072162 8241.159663 0.008774
168 26.908308 839.475566 2.116630 839.475566 -2.072160 8241.159663 0.008774
169 26.908001 838.843262 2.116632 838.843262 -2.072158 8241.159663 0.008774
170 26.907692 838.209910 2.116634 838.209910 -2.072156 8241.159663 0.008774
171 26.907383 837.575526 2.116636 837.575526 -2.072154 8241.159663 0.008774
172 26.907072 836.940127 2.116638 836.940127 -2.072152 8241.159663 0.008774
173 26.906760 836.303729 2.116640 836.303729 -2.072150 8241.159663 0.008774
174 26.906447 835.666349 2.116642 835.666349 -2.072148 8241.159663 0.008774
175 26.906132 835.028003 2.116644 835.028003 -2.072146 8241.159663 0.008774
176 26.905817 834.388706 2.116646 834.388706 -2.072144 8241.159663 0.008774
177 26.905500 833.748473 2.116648 833.748473 -2.072142 8241.159663 0.008774
178 26.905181 833.107321 2.116650 833.107321 -2.072140 8241.159663 0.008774
179 26.904862 832.465264 2.116652 832.465264 -2.072138 8241.159663 0.008774
180 26.904542 831.822317 2.116654 831.822317 -2.072136 8241.159663 0.008774
181 26.904220 831.178493 2.116656 831.178493 -2.072134 8241.159663 0.008774
182 26.903897 830.533809 2.116658 830.533809 -2.072132 8241.159663 0.008774
183 26.903573 829.888278 2.116660 829.888278 -2.072130 8241.159663 0.008774
184 26.903248 829.241913 2.116662 829.241913 -2.072128 8241.159663 0.008774
185 26.902921 828.594729 2.116664 828.594729 -2.072126 8241.159663 0.008774
186 26.902594 827.946738 2.116666 827.946738 -2.072124 8241.159663 0.008774
187 26.902265 827.297955 2.116669 827.297955 -2.072122 8241.159663 0.008774
188 26.901936 826.648392 2.116671 826.648392 -2.072120 8241.159663 0.008774
189 26.901605 825.998063 2.116673 825.998063 -2.072117 8241.159663 0.008774
190 26.901273 825.346979 2.116675 825.346979 -2.072115 8241.159663 0.008774
191 26.900940 824.695154 2.116677 824.695154 -2.072113 8241.159663 0.008774
192 26.900606 824.042599 2.116679 824.042599 -2.072111 8241.159663 0.008774
193 26.900271 823.389327 2.116681 823.389327 -2.072109 8241.159663 0.008774
194 26.899935 822.735350 2.116683 822.735350 -2.072107 8241.159663 0.008774
195 26.899598 822.080680 2.116685 822.080680 -2.072105 8241.159663 0.008774
196 26.899260 821.425328 2.116688 821.425328 -2.072103 8241.159663 0.008774
197 26.898921 820.769305 2.116690 820.769305 -2.072101 8241.159663 0.008774
198 26.898581 820.112623 2.116692 820.112623 -2.072098 8241.159663 0.008774
199 26.898239 819.455293 2.116694 819.455293 -2.072096 8241.159663 0.008774
200 26.897897 818.797326 2.116696 818.797326 -2.072094 8241.159663 0.008774
201 26.897554 818.138733 2.116698 818.138733 -2.072092 8241.159663 0.008774
202 26.897210 817.479524 2.116700 817.479524 -2.072090 8241.159663 0.008774
203 26.896865 816.819709 2.116703 816.819709 -2.072088 8241.159663 0.008774
204 26.896519 816.159300 2.116705 816.159300 -2.072086 8241.159663 0.008774
205 26.896171 815.498305 2.116707 815.498305 -2.072083 8241.159663 0.008774
206 26.895823 814.836736 2.116709 814.836736 -2.072081 8241.159663 0.008774
207 26.895474 814.174602 2.116711 814.174602 -2.072079 8241.159663 0.008774
208 26.895124 813.511912 2.116713 813.511912 -2.072077 8241.159663 0.008774
209 26.894774 812.848676 2.116716 812.848676 -2.072075 8241.159663 0.008774
210 26.894422 812.184904 2.116718 812.184904 -2.072072 8241.159663 0.008774
211 26.894069 811.520604 2.116720 811.520604 -2.072070 8241.159663 0.008774
212 26.893716 810.855787 2.116722 810.855787 -2.072068 8241.159663 0.008774
213 26.893361 810.190460 2.116724 810.190460 -2.072066 8241.159663 0.008774
214 26.893006 809.524633 2.116727 809.524633 -2.072064 8241.159663 0.008774
215 26.892649 808.858315 2.116729 808.858315 -2.072061 8241.159663 0.008774
216 26.892292 808.191514 2.116731 808.191514 -2.072059 8241.159663 0.008774
217 26.891934 807.524239 2.116733 807.524239 -2.072057 8241.159663 0.008774
218 26.891575 806.856497 2.116735 806.856497 -2.072055 8241.159663 0.008774
219 26.891216 806.188298 2.116738 806.188298 -2.072053 8241.159663 0.008774
220 26.890855 805.519649 2.116740 805.519649 -2.072050 8241.159663 0.008774
221 26.890494 804.850558 2.116742 804.850558 -2.072048 8241.159663 0.008774
222 26.890131 804.181034 2.116744 804.181034 -2.072046 8241.159663 0.008774
223 26.889768 803.511084 2.116747 803.511084 -2.072044 8241.159663 0.008774
224 26.889404 802.840715 2.116749 802.840715 -2.072041 8241.159663 0.008774
225 26.889040 802.169935 2.116751 802.169935 -2.072039 8241.159663 0.008774
226 26.888674 801.498752 2.116753 801.498752 -2.072037 8241.159663 0.008774
227 26.888308 800.827173 2.116756 800.827173 -2.072035 8241.159663 0.008774
228 26.887941 800.155205 2.116758 800.155205 -2.072032 8241.159663 0.008774
229 26.887573 799.482855 2.116760 799.482855 -2.072030 8241.159663 0.008774
230 26.887204 798.810131 2.116762 798.810131 -2.072028 8241.159663 0.008774
231 26.886834 798.137038 2.116765 798.137038 -2.072025 8241.159663 0.008774
232 26.886464 797.463585 2.116767 797.463585 -2.072023 8241.159663 0.008774
233 26.886093 796.789777 2.116769 796.789777 -2.072021 8241.159663 0.008774
234 26.885721 796.115621 2.116772 796.115621 -2.072019 8241.159663 0.008774
235 26.885348 795.441125 2.116774 795.441125 -2.072016 8241.159663 0.008774
236 26.884975 794.766293 2.116776 794.766293 -2.072014 8241.159663 0.008774
237 26.884601 794.091133 2.116779 794.091133 -2.072012 8241.159663 0.008774
238 26.884226 793.415650 2.116781 793.415650 -2.072009 8241.159663 0.008774
239 26.883850 792.739852 2.116783 792.739852 -2.072007 8241.159663 0.008774
240 26.883474 792.063743 2.116785 792.063743 -2.072005 8241.159663 0.008774
241 26.883097 791.387331 2.116788 791.387331 -2.072002 8241.159663 0.008774
242 26.882719 790.710620 2.116790 790.710620 -2.072000 8241.159663 0.008774
243 26.882341 790.033617 2.116792 790.033617 -2.071998 8241.159663 0.008774
244 26.881962 789.356327 2.116795 789.356327 -2.071995 8241.159663 0.008774
245 26.881582 788.678755 2.116797 788.678755 -2.071993 8241.159663 0.008774
246 26.881201 788.000909 2.116799 788.000909 -2.071991 8241.159663 0.008774
247 26.880820 787.322792 2.116802 787.322792 -2.071988 8241.159663 0.008774
248 26.880438 786.644411 2.116804 786.644411 -2.071986 8241.159663 0.008774
249 26.880055 785.965770 2.116807 785.965770 -2.071984 8241.159663 0.008774
250 26.879671 785.286875 2.116809 785.286875 -2.071981 8241.159663 0.008774
251 26.879287 784.607731 2.116811 784.607731 -2.071979 8241.159663 0.008774
252 26.878903 783.928343 2.116814 783.928343 -2.071977 8241.159663 0.008774
253 26.878517 783.248716 2.116816 783.248716 -2.071974 8241.159663 0.008774
254 26.878131 782.568855 2.116818 782.568855 -2.071972 8241.159663 0.008774
255 26.877744 781.888765 2.116821 781.888765 -2.071969 8241.159663 0.008774
256 26.877357 781.208451 2.116823 781.208451 -2.071967 8241.159663 0.008774
257 26.876969 780.527917 2.116825 780.527917 -2.071965 8241.159663 0.008774
258 26.876580 779.847168 2.116828 779.847168 -2.071962 8241.159663 0.008774
259 26.876191 779.166209 2.116830 779.166209 -2.071960 8241.159663 0.008774
260 26.875801 778.485044 2.116833 778.485044 -2.071958 8241.159663 0.008774
261 26.875410 777.803677 2.116835 777.803677 -2.071955 8241.159663 0.008774
262 26.875019 777.122113 2.116837 777.122113 -2.071953 8241.159663 0.008774
263 26.874627 776.440357 2.116840 776.440357 -2.071950 8241.159663 0.008774
264 26.874235 775.758412 2.116842 775.758412 -2.071948 8241.159663 0.008774
265 26.873842 775.076283 2.116845 775.076283 -2.071945 8241.159663 0.008774
266 26.873448 774.393974 2.116847 774.393974 -2.071943 8241.159663 0.008774
267 26.873053 773.711489 2.116850 773.711489 -2.071941 8241.159663 0.008774
268 26.872658 773.028832 2.116852 773.028832 -2.071938 8241.159663 0.008774
269 26.872263 772.346006 2.116854 772.346006 -2.071936 8241.159663 0.008774
270 26.871867 771.663017 2.116857 771.663017 -2.071933 8241.159663 0.008774
271 26.871470 770.979867 2.116859 770.979867 -2.071931 8241.159663 0.008774
272 26.871073 770.296560 2.116862 770.296560 -2.071928 8241.159663 0.008774
273 26.870675 769.613101 2.116864 769.613101 -2.071926 8241.159663 0.008774
274 26.870276 768.929492 2.116867 768.929492 -2.071924 8241.159663 0.008774
275 26.869877 768.245738 2.116869 768.245738 -2.071921 8241.159663 0.008774
276 26.869477 767.561842 2.116872 767.561842 -2.071919 8241.159663 0.008774
277 26.869077 766.877807 2.116874 766.877807 -2.071916 8241.159663 0.008774
278 26.868676 766.193637 2.116877 766.193637 -2.071914 8241.159663 0.008774
279 26.868275 765.509336 2.116879 765.509336 -2.071911 8241.159663 0.008774
280 26.867873 764.824906 2.116881 764.824906 -2.071909 8241.159663 0.008774
281 26.867470 764.140351 2.116884 764.140351 -2.071906 8241.159663 0.008774
282 26.867067 763.455675 2.116886 763.455675 -2.071904 8241.159663 0.008774
283 26.866663 762.770880 2.116889 762.770880 -2.071901 8241.159663 0.008774
284 26.866259 762.085969 2.116891 762.085969 -2.071899 8241.159663 0.008774
285 26.865854 761.400946 2.116894 761.400946 -2.071896 8241.159663 0.008774
286 26.865449 760.715814 2.116896 760.715814 -2.071894 8241.159663 0.008774
287 26.865043 760.030576 2.116899 760.030576 -2.071891 8241.159663 0.008774
288 26.864637 759.345234 2.116901 759.345234 -2.071889 8241.159663 0.008774
289 26.864230 758.659792 2.116904 758.659792 -2.071886 8241.159663 0.008774
290 26.863822 757.974252 2.116906 757.974252 -2.071884 8241.159663 0.008774
291 26.863414 757.288618 2.116909 757.288618 -2.071881 8241.159663 0.008774
292 26.863006 756.602891 2.116912 756.602891 -2.071879 8241.159663 0.008774
293 26.862597 755.917076 2.116914 755.917076 -2.071876 8241.159663 0.008774
294 26.862187 755.231174 2.116917 755.231174 -2.071874 8241.159663 0.008774
295 26.861777 754.545188 2.116919 754.545188 -2.071871 8241.159663 0.008774
296 26.861366 753.859121 2.116922 753.859121 -2.071869 8241.159663 0.008774
297 26.860955 753.172976 2.116924 753.172976 -2.071866 8241.159663 0.008774
298 26.860543 752.486754 2.116927 752.486754 -2.071863 8241.159663 0.008774
299 26.860131 751.800458 2.116929 751.800458 -2.071861 8241.159663 0.008774
300 26.859718 751.114092 2.116932 751.114092 -2.071858 8241.159663 0.008774
301 26.859305 750.427656 2.116934 750.427656 -2.071856 8241.159663 0.008774
302 26.858892 749.741154 2.116937 749.741154 -2.071853 8241.159663 0.008774
303 26.858477 749.054588 2.116940 749.054588 -2.071851 8241.159663 0.008774
304 26.858063 748.367960 2.116942 748.367960 -2.071848 8241.159663 0.008774
305 26.857647 747.681272 2.116945 747.681272 -2.071845 8241.159663 0.008774
306 26.857232 746.994528 2.116947 746.994528 -2.071843 8241.159663 0.008774
307 26.856815 746.307727 2.116950 746.307727 -2.071840 8241.159663 0.008774
308 26.856399 745.620874 2.116953 745.620874 -2.071838 8241.159663 0.008774
309 26.855982 744.933970 2.116955 744.933970 -2.071835 8241.159663 0.008774
310 26.855564 744.247017 2.116958 744.247017 -2.071832 8241.159663 0.008774
311 26.855146 743.560017 2.116960 743.560017 -2.071830 8241.159663 0.008774
312 26.854727 742.872972 2.116963 742.872972 -2.071827 8241.159663 0.008774
313 26.854308 742.185885 2.116966 742.185885 -2.071825 8241.159663 0.008774
314 26.853888 741.498756 2.116968 741.498756 -2.071822 8241.159663 0.008774
315 26.853468 740.811588 2.116971 740.811588 -2.071819 8241.159663 0.008774
316 26.853048 740.124383 2.116973 740.124383 -2.071817 8241.159663 0.008774
317 26.852627 739.437142 2.116976 739.437142 -2.071814 8241.159663 0.008774
318 26.852205 738.749868 2.116979 738.749868 -2.071812 8241.159663 0.008774
319 26.851783 738.062562 2.116981 738.062562 -2.071809 8241.159663 0.008774
320 26.851361 737.375226 2.116984 737.375226 -2.071806 8241.159663 0.008774
321 26.850938 736.687861 2.116987 736.687861 -2.071804 8241.159663 0.008774
322 26.850514 736.000470 2.116989 736.000470 -2.071801 8241.159663 0.008774
323 26.850090 735.313053 2.116992 735.313053 -2.071798 8241.159663 0.008774
324 26.849666 734.625613 2.116995 734.625613 -2.071796 8241.159663 0.008774
325 26.849241 733.938150 2.116997 733.938150 -2.071793 8241.159663 0.008774
326 26.848816 733.250668 2.117000 733.250668 -2.071790 8241.159663 0.008774
327 26.848390 732.563166 2.117003 732.563166 -2.071788 8241.159663 0.008774
328 26.847964 731.875647 2.117005 731.875647 -2.071785 8241.159663 0.008774
329 26.847538 731.188112 2.117008 731.188112 -2.071782 8241.159663 0.008774
330 26.847111 730.500562 2.117011 730.500562 -2.071780 8241.159663 0.008774
331 26.846683 729.812999 2.117013 729.812999 -2.071777 8241.159663 0.008774
332 26.846255 729.125424 2.117016 729.125424 -2.071774 8241.159663 0.008774
333 26.845827 728.437838 2.117019 728.437838 -2.071772 8241.159663 0.008774
334 26.845398 727.750243 2.117021 727.750243 -2.071769 8241.159663 0.008774
335 26.844969 727.062640 2.117024 727.062640 -2.071766 8241.159663 0.008774
336 26.844539 726.375031 2.117027 726.375031 -2.071763 8241.159663 0.008774
337 26.844109 725.687416 2.117029 725.687416 -2.071761 8241.159663 0.008774
338 26.843678 724.999797 2.117032 724.999797 -2.071758 8241.159663 0.008774
339 26.843247 724.312174 2.117035 724.312174 -2.071755 8241.159663 0.008774
340 26.842815 723.624550 2.117038 723.624550 -2.071753 8241.159663 0.008774
341 26.842383 722.936924 2.117040 722.936924 -2.071750 8241.159663 0.008774
342 26.841951 722.249299 2.117043 722.249299 -2.071747 8241.159663 0.008774
343 26.841518 721.561675 2.117046 721.561675 -2.071744 8241.159663 0.008774
344 26.841085 720.874054 2.117049 720.874054 -2.071742 8241.159663 0.008774
345 26.840651 720.186435 2.117051 720.186435 -2.071739 8241.159663 0.008774
346 26.840217 719.498821 2.117054 719.498821 -2.071736 8241.159663 0.008774
347 26.839783 718.811212 2.117057 718.811212 -2.071733 8241.159663 0.008774
348 26.839348 718.123610 2.117060 718.123610 -2.071731 8241.159663 0.008774
349 26.838912 717.436014 2.117062 717.436014 -2.071728 8241.159663 0.008774
350 26.838476 716.748426 2.117065 716.748426 -2.071725 8241.159663 0.008774
351 26.838040 716.060848 2.117068 716.060848 -2.071722 8241.159663 0.008774
352 26.837603 715.373278 2.117071 715.373278 -2.071720 8241.159663 0.008774
353 26.837166 714.685720 2.117073 714.685720 -2.071717 8241.159663 0.008774
354 26.836729 713.998172 2.117076 713.998172 -2.071714 8241.159663 0.008774
355 26.836291 713.310637 2.117079 713.310637 -2.071711 8241.159663 0.008774
356 26.835852 712.623114 2.117082 712.623114 -2.071708 8241.159663 0.008774
357 26.835414 711.935604 2.117085 711.935604 -2.071706 8241.159663 0.008774
358 26.834974 711.248109 2.117087 711.248109 -2.071703 8241.159663 0.008774
359 26.834535 710.560629 2.117090 710.560629 -2.071700 8241.159663 0.008774
360 26.834095 709.873164 2.117093 709.873164 -2.071697 8241.159663 0.008774
361 26.833654 709.185715 2.117096 709.185715 -2.071694 8241.159663 0.008774
362 26.833213 708.498283 2.117099 708.498283 -2.071692 8241.159663 0.008774
363 26.832772 707.810868 2.117101 707.810868 -2.071689 8241.159663 0.008774
364 26.832330 707.123471 2.117104 707.123471 -2.071686 8241.159663 0.008774
365 26.831888 706.436093 2.117107 706.436093 -2.071683 8241.159663 0.008774
366 26.831445 705.748733 2.117110 705.748733 -2.071680 8241.159663 0.008774
367 26.831002 705.061392 2.117113 705.061392 -2.071677 8241.159663 0.008774
368 26.830559 704.374072 2.117116 704.374072 -2.071675 8241.159663 0.008774
369 26.830115 703.686771 2.117118 703.686771 -2.071672 8241.159663 0.008774
370 26.829671 702.999492 2.117121 702.999492 -2.071669 8241.159663 0.008774
371 26.829226 702.312233 2.117124 702.312233 -2.071666 8241.159663 0.008774
372 26.828781 701.624996 2.117127 701.624996 -2.071663 8241.159663 0.008774
373 26.828336 700.937781 2.117130 700.937781 -2.071660 8241.159663 0.008774
374 26.827890 700.250588 2.117133 700.250588 -2.071657 8241.159663 0.008774
375 26.827443 699.563417 2.117136 699.563417 -2.071655 8241.159663 0.008774
376 26.826997 698.876270 2.117139 698.876270 -2.071652 8241.159663 0.008774
377 26.826550 698.189145 2.117141 698.189145 -2.071649 8241.159663 0.008774
378 26.826102 697.502044 2.117144 697.502044 -2.071646 8241.159663 0.008774
379 26.825654 696.814966 2.117147 696.814966 -2.071643 8241.159663 0.008774
380 26.825206 696.127913 2.117150 696.127913 -2.071640 8241.159663 0.008774
381 26.824757 695.440883 2.117153 695.440883 -2.071637 8241.159663 0.008774
382 26.824308 694.753877 2.117156 694.753877 -2.071634 8241.159663 0.008774
383 26.823858 694.066896 2.117159 694.066896 -2.071631 8241.159663 0.008774
384 26.823408 693.379939 2.117162 693.379939 -2.071628 8241.159663 0.008774
385 26.822958 692.693007 2.117165 692.693007 -2.071625 8241.159663 0.008774
386 26.822507 692.006099 2.117168 692.006099 -2.071623 8241.159663 0.008774
387 26.822055 691.319217 2.117171 691.319217 -2.071620 8241.159663 0.008774
388 26.821604 690.632359 2.117174 690.632359 -2.071617 8241.159663 0.008774
389 26.821152 689.945526 2.117176 689.945526 -2.071614 8241.159663 0.008774
390 26.820699 689.258718 2.117179 689.258718 -2.071611 8241.159663 0.008774
391 26.820246 688.571934 2.117182 688.571934 -2.071608 8241.159663 0.008774
392 26.819793 687.885176 2.117185 687.885176 -2.071605 8241.159663 0.008774
393 26.819339 687.198443 2.117188 687.198443 -2.071602 8241.159663 0.008774
394 26.818885 686.511734 2.117191 686.511734 -2.071599 8241.159663 0.008774
395 26.818431 685.825050 2.117194 685.825050 -2.071596 8241.159663 0.008774
396 26.817976 685.138390 2.117197 685.138390 -2.071593 8241.159663 0.008774
397 26.817520 684.451756 2.117200 684.451756 -2.071590 8241.159663 0.008774
398 26.817065 683.765145 2.117203 683.765145 -2.071587 8241.159663 0.008774
399 26.816608 683.078559 2.117206 683.078559 -2.071584 8241.159663 0.008774
400 26.816152 682.391997 2.117209 682.391997 -2.071581 8241.159663 0.008774
401 26.815695 681.705458 2.117212 681.705458 -2.071578 8241.159663 0.008774
402 26.815237 681.018944 2.117215 681.018944 -2.071575 8241.159663 0.008774
403 26.814779 680.332453 2.117218 680.332453 -2.071572 8241.159663 0.008774
404 26.814321 679.645985 2.117221 679.645985 -2.071569 8241.159663 0.008774
405 26.813863 678.959540 2.117224 678.959540 -2.071566 8241.159663 0.008774
406 26.813404 678.273117 2.117227 678.273117 -2.071563 8241.159663 0.008774
407 26.812944 677.586717 2.117230 677.586717 -2.071560 8241.159663 0.008774
408 26.812484 676.900339 2.117233 676.900339 -2.071557 8241.159663 0.008774
409 26.812024 676.213983 2.117236 676.213983 -2.071554 8241.159663 0.008774
410 26.811563 675.527648 2.117239 675.527648 -2.071551 8241.159663 0.008774
411 26.811102 674.841334 2.117242 674.841334 -2.071548 8241.159663 0.008774
412 26.810640 674.155041 2.117246 674.155041 -2.071545 8241.159663 0.008774
413 26.810178 673.468768 2.117249 673.468768 -2.071542 8241.159663 0.008774
414 26.809716 672.782515 2.117252 672.782515 -2.071539 8241.159663 0.008774
415 26.809253 672.096281 2.117255 672.096281 -2.071535 8241.159663 0.008774
416 26.808790 671.410066 2.117258 671.410066 -2.071532 8241.159663 0.008774
417 26.808326 670.723869 2.117261 670.723869 -2.071529 8241.159663 0.008774
418 26.807862 670.037690 2.117264 670.037690 -2.071526 8241.159663 0.008774
419 26.807398 669.351529 2.117267 669.351529 -2.071523 8241.159663 0.008774
420 26.806933 668.665384 2.117270 668.665384 -2.071520 8241.159663 0.008774
421 26.806468 667.979256 2.117273 667.979256 -2.071517 8241.159663 0.008774
422 26.806002 667.293143 2.117276 667.293143 -2.071514 8241.159663 0.008774
423 26.805536 666.607046 2.117280 666.607046 -2.071511 8241.159663 0.008774
424 26.805069 665.920963 2.117283 665.920963 -2.071508 8241.159663 0.008774
425 26.804602 665.234894 2.117286 665.234894 -2.071504 8241.159663 0.008774
426 26.804135 664.548838 2.117289 664.548838 -2.071501 8241.159663 0.008774
427 26.803667 663.862795 2.117292 663.862795 -2.071498 8241.159663 0.008774
428 26.803199 663.176763 2.117295 663.176763 -2.071495 8241.159663 0.008774
429 26.802730 662.490743 2.117298 662.490743 -2.071492 8241.159663 0.008774
430 26.802261 661.804734 2.117302 661.804734 -2.071489 8241.159663 0.008774
431 26.801791 661.118734 2.117305 661.118734 -2.071486 8241.159663 0.008774
432 26.801321 660.432744 2.117308 660.432744 -2.071482 8241.159663 0.008774
433 26.800851 659.746761 2.117311 659.746761 -2.071479 8241.159663 0.008774
434 26.800380 659.060787 2.117314 659.060787 -2.071476 8241.159663 0.008774
435 26.799909 658.374819 2.117317 658.374819 -2.071473 8241.159663 0.008774
436 26.799437 657.688856 2.117321 657.688856 -2.071470 8241.159663 0.008774
437 26.798965 657.002899 2.117324 657.002899 -2.071466 8241.159663 0.008774
438 26.798492 656.316946 2.117327 656.316946 -2.071463 8241.159663 0.008774
439 26.798019 655.630996 2.117330 655.630996 -2.071460 8241.159663 0.008774
440 26.797546 654.945049 2.117333 654.945049 -2.071457 8241.159663 0.008774
441 26.797072 654.259103 2.117337 654.259103 -2.071454 8241.159663 0.008774
442 26.796597 653.573158 2.117340 653.573158 -2.071450 8241.159663 0.008774
443 26.796123 652.887212 2.117343 652.887212 -2.071447 8241.159663 0.008774
444 26.795647 652.201266 2.117346 652.201266 -2.071444 8241.159663 0.008774
445 26.795172 651.515316 2.117350 651.515316 -2.071441 8241.159663 0.008774
446 26.794696 650.829364 2.117353 650.829364 -2.071437 8241.159663 0.008774
447 26.794219 650.143407 2.117356 650.143407 -2.071434 8241.159663 0.008774
448 26.793742 649.457445 2.117359 649.457445 -2.071431 8241.159663 0.008774
449 26.793265 648.771476 2.117363 648.771476 -2.071428 8241.159663 0.008774
450 26.792787 648.085500 2.117366 648.085500 -2.071424 8241.159663 0.008774
451 26.792308 647.399515 2.117369 647.399515 -2.071421 8241.159663 0.008774
452 26.791830 646.713520 2.117372 646.713520 -2.071418 8241.159663 0.008774
453 26.791350 646.027515 2.117376 646.027515 -2.071415 8241.159663 0.008774
454 26.790871 645.341497 2.117379 645.341497 -2.071411 8241.159663 0.008774
455 26.790390 644.655467 2.117382 644.655467 -2.071408 8241.159663 0.008774
456 26.789910 643.969422 2.117386 643.969422 -2.071405 8241.159663 0.008774
457 26.789429 643.283361 2.117389 643.283361 -2.071401 8241.159663 0.008774
458 26.788947 642.597284 2.117392 642.597284 -2.071398 8241.159663 0.008774
459 26.788465 641.911189 2.117396 641.911189 -2.071395 8241.159663 0.008774
460 26.787983 641.225074 2.117399 641.225074 -2.071391 8241.159663 0.008774
461 26.787500 640.538939 2.117402 640.538939 -2.071388 8241.159663 0.008774
462 26.787017 639.852782 2.117406 639.852782 -2.071385 8241.159663 0.008774
463 26.786533 639.166602 2.117409 639.166602 -2.071381 8241.159663 0.008774
464 26.786048 638.480397 2.117412 638.480397 -2.071378 8241.159663 0.008774
465 26.785564 637.794166 2.117416 637.794166 -2.071375 8241.159663 0.008774
466 26.785078 637.107908 2.117419 637.107908 -2.071371 8241.159663 0.008774
467 26.784593 636.421621 2.117422 636.421621 -2.071368 8241.159663 0.008774
468 26.784106 635.735305 2.117426 635.735305 -2.071364 8241.159663 0.008774
469 26.783620 635.048956 2.117429 635.048956 -2.071361 8241.159663 0.008774
470 26.783133 634.362575 2.117433 634.362575 -2.071358 8241.159663 0.008774
471 26.782645 633.676159 2.117436 633.676159 -2.071354 8241.159663 0.008774
472 26.782157 632.989708 2.117439 632.989708 -2.071351 8241.159663 0.008774
473 26.781668 632.303218 2.117443 632.303218 -2.071347 8241.159663 0.008774
474 26.781179 631.616690 2.117446 631.616690 -2.071344 8241.159663 0.008774
475 26.780689 630.930121 2.117450 630.930121 -2.071341 8241.159663 0.008774
476 26.780199 630.243510 2.117453 630.243510 -2.071337 8241.159663 0.008774
477 26.779709 629.556856 2.117457 629.556856 -2.071334 8241.159663 0.008774
478 26.779218 628.870156 2.117460 628.870156 -2.071330 8241.159663 0.008774
479 26.778726 628.183408 2.117463 628.183408 -2.071327 8241.159663 0.008774
480 26.778234 627.496613 2.117467 627.496613 -2.071323 8241.159663 0.008774
481 26.777742 626.809766 2.117470 626.809766 -2.071320 8241.159663 0.008774
482 26.777249 626.122868 2.117474 626.122868 -2.071316 8241.159663 0.008774
483 26.776755 625.435916 2.117477 625.435916 -2.071313 8241.159663 0.008774
484 26.776261 624.748908 2.117481 624.748908 -2.071309 8241.159663 0.008774
485 26.775766 624.061843 2.117484 624.061843 -2.071306 8241.159663 0.008774
486 26.775271 623.374719 2.117488 623.374719 -2.071302 8241.159663 0.008774
487 26.774776 622.687534 2.117491 622.687534 -2.071299 8241.159663 0.008774
488 26.774280 622.000287 2.117495 622.000287 -2.071295 8241.159663 0.008774
489 26.773783 621.312974 2.117498 621.312974 -2.071292 8241.159663 0.008774
490 26.773286 620.625595 2.117502 620.625595 -2.071288 8241.159663 0.008774
491 26.772788 619.938148 2.117506 619.938148 -2.071285 8241.159663 0.008774
492 26.772290 619.250630 2.117509 619.250630 -2.071281 8241.159663 0.008774
493 26.771791 618.563041 2.117513 618.563041 -2.071278 8241.159663 0.008774
494 26.771292 617.875376 2.117516 617.875376 -2.071274 8241.159663 0.008774
495 26.770792 617.187636 2.117520 617.187636 -2.071270 8241.159663 0.008774
496 26.770292 616.499818 2.117523 616.499818 -2.071267 8241.159663 0.008774
497 26.769791 615.811919 2.117527 615.811919 -2.071263 8241.159663 0.008774
498 26.769290 615.123937 2.117531 615.123937 -2.071260 8241.159663 0.008774
499 26.768788 614.435872 2.117534 614.435872 -2.071256 8241.159663 0.008774
500 26.768286 613.747720 2.117538 613.747720 -2.071252 8241.159663 0.008774
501 26.767783 613.059479 2.117541 613.059479 -2.071249 8241.159663 0.008774
502 26.767279 612.371147 2.117545 612.371147 -2.071245 8241.159663 0.008774
503 26.766775 611.682722 2.117549 611.682722 -2.071242 8241.159663 0.008774
504 26.766270 610.994202 2.117552 610.994202 -2.071238 8241.159663 0.008774
505 26.765765 610.305585 2.117556 610.305585 -2.071234 8241.159663 0.008774
506 26.765259 609.616867 2.117560 609.616867 -2.071231 8241.159663 0.008774
507 26.764753 608.928048 2.117563 608.928048 -2.071227 8241.159663 0.008774
508 26.764246 608.239124 2.117567 608.239124 -2.071223 8241.159663 0.008774
509 26.763739 607.550094 2.117571 607.550094 -2.071220 8241.159663 0.008774
510 26.763231 606.860955 2.117574 606.860955 -2.071216 8241.159663 0.008774
511 26.762722 606.171704 2.117578 606.171704 -2.071212 8241.159663 0.008774
512 26.762213 605.482340 2.117582 605.482340 -2.071209 8241.159663 0.008774
513 26.761703 604.792859 2.117585 604.792859 -2.071205 8241.159663 0.008774
514 26.761193 604.103260 2.117589 604.103260 -2.071201 8241.159663 0.008774
515 26.760682 603.413539 2.117593 603.413539 -2.071197 8241.159663 0.008774
516 26.760171 602.723695 2.117597 602.723695 -2.071194 8241.159663 0.008774
517 26.759658 602.033724 2.117600 602.033724 -2.071190 8241.159663 0.008774
518 26.759146 601.343624 2.117604 601.343624 -2.071186 8241.159663 0.008774
519 26.758632 600.653393 2.117608 600.653393 -2.071182 8241.159663 0.008774
520 26.758119 599.963028 2.117612 599.963028 -2.071179 8241.159663 0.008774
521 26.757604 599.272526 2.117615 599.272526 -2.071175 8241.159663 0.008774
522 26.757089 598.581885 2.117619 598.581885 -2.071171 8241.159663 0.008774
523 26.756573 597.891101 2.117623 597.891101 -2.071167 8241.159663 0.008774
524 26.756057 597.200173 2.117627 597.200173 -2.071163 8241.159663 0.008774
525 26.755540 596.509097 2.117631 596.509097 -2.071160 8241.159663 0.008774
526 26.755023 595.817870 2.117634 595.817870 -2.071156 8241.159663 0.008774
527 26.754505 595.126490 2.117638 595.126490 -2.071152 8241.159663 0.008774
528 26.753986 594.434954 2.117642 594.434954 -2.071148 8241.159663 0.008774
529 26.753466 593.743258 2.117646 593.743258 -2.071144 8241.159663 0.008774
530 26.752946 593.051401 2.117650 593.051401 -2.071140 8241.159663 0.008774
531 26.752426 592.359378 2.117654 592.359378 -2.071137 8241.159663 0.008774
532 26.751904 591.667188 2.117658 591.667188 -2.071133 8241.159663 0.008774
533 26.751382 590.974826 2.117661 590.974826 -2.071129 8241.159663 0.008774
534 26.750860 590.282291 2.117665 590.282291 -2.071125 8241.159663 0.008774
535 26.750337 589.589578 2.117669 589.589578 -2.071121 8241.159663 0.008774
536 26.749813 588.896685 2.117673 588.896685 -2.071117 8241.159663 0.008774
537 26.749288 588.203608 2.117677 588.203608 -2.071113 8241.159663 0.008774
538 26.748763 587.510345 2.117681 587.510345 -2.071109 8241.159663 0.008774
539 26.748237 586.816892 2.117685 586.816892 -2.071105 8241.159663 0.008774
540 26.747710 586.123246 2.117689 586.123246 -2.071101 8241.159663 0.008774
541 26.747183 585.429403 2.117693 585.429403 -2.071097 8241.159663 0.008774
542 26.746655 584.735361 2.117697 584.735361 -2.071093 8241.159663 0.008774
543 26.746127 584.041115 2.117701 584.041115 -2.071089 8241.159663 0.008774
544 26.745597 583.346663 2.117705 583.346663 -2.071085 8241.159663 0.008774
545 26.745068 582.652001 2.117709 582.652001 -2.071081 8241.159663 0.008774
546 26.744537 581.957125 2.117713 581.957125 -2.071077 8241.159663 0.008774
547 26.744006 581.262033 2.117717 581.262033 -2.071073 8241.159663 0.008774
548 26.743473 580.566720 2.117721 580.566720 -2.071069 8241.159663 0.008774
549 26.742941 579.871182 2.117725 579.871182 -2.071065 8241.159663 0.008774
550 26.742407 579.175417 2.117729 579.175417 -2.071061 8241.159663 0.008774
551 26.741873 578.479421 2.117733 578.479421 -2.071057 8241.159663 0.008774
552 26.741338 577.783190 2.117737 577.783190 -2.071053 8241.159663 0.008774
553 26.740803 577.086719 2.117741 577.086719 -2.071049 8241.159663 0.008774
554 26.740266 576.390006 2.117745 576.390006 -2.071045 8241.159663 0.008774
555 26.739729 575.693047 2.117749 575.693047 -2.071041 8241.159663 0.008774
556 26.739191 574.995837 2.117753 574.995837 -2.071037 8241.159663 0.008774
557 26.738653 574.298373 2.117758 574.298373 -2.071033 8241.159663 0.008774
558 26.738113 573.600650 2.117762 573.600650 -2.071028 8241.159663 0.008774
559 26.737573 572.902666 2.117766 572.902666 -2.071024 8241.159663 0.008774
560 26.737032 572.204415 2.117770 572.204415 -2.071020 8241.159663 0.008774
561 26.736491 571.505894 2.117774 571.505894 -2.071016 8241.159663 0.008774
562 26.735948 570.807099 2.117778 570.807099 -2.071012 8241.159663 0.008774
563 26.735405 570.108024 2.117783 570.108024 -2.071008 8241.159663 0.008774
564 26.734861 569.408667 2.117787 569.408667 -2.071003 8241.159663 0.008774
565 26.734317 568.709023 2.117791 568.709023 -2.070999 8241.159663 0.008774
566 26.733771 568.009088 2.117795 568.009088 -2.070995 8241.159663 0.008774
567 26.733225 567.308856 2.117799 567.308856 -2.070991 8241.159663 0.008774
568 26.732678 566.608325 2.117804 566.608325 -2.070986 8241.159663 0.008774
569 26.732130 565.907488 2.117808 565.907488 -2.070982 8241.159663 0.008774
570 26.731581 565.206343 2.117812 565.206343 -2.070978 8241.159663 0.008774
571 26.731032 564.504884 2.117817 564.504884 -2.070974 8241.159663 0.008774
572 26.730482 563.803107 2.117821 563.803107 -2.070969 8241.159663 0.008774
573 26.729931 563.101006 2.117825 563.101006 -2.070965 8241.159663 0.008774
574 26.729379 562.398578 2.117829 562.398578 -2.070961 8241.159663 0.008774
575 26.728826 561.695818 2.117834 561.695818 -2.070956 8241.159663 0.008774
576 26.728272 560.992720 2.117838 560.992720 -2.070952 8241.159663 0.008774
577 26.727718 560.289280 2.117842 560.289280 -2.070948 8241.159663 0.008774
578 26.727162 559.585493 2.117847 559.585493 -2.070943 8241.159663 0.008774
579 26.726606 558.881354 2.117851 558.881354 -2.070939 8241.159663 0.008774
580 26.726049 558.176858 2.117856 558.176858 -2.070935 8241.159663 0.008774
581 26.725491 557.472000 2.117860 557.472000 -2.070930 8241.159663 0.008774
582 26.724932 556.766774 2.117864 556.766774 -2.070926 8241.159663 0.008774
583 26.724373 556.061176 2.117869 556.061176 -2.070921 8241.159663 0.008774
584 26.723812 555.355201 2.117873 555.355201 -2.070917 8241.159663 0.008774
585 26.723251 554.648842 2.117878 554.648842 -2.070912 8241.159663 0.008774
586 26.722688 553.942094 2.117882 553.942094 -2.070908 8241.159663 0.008774
587 26.722125 553.234953 2.117887 553.234953 -2.070903 8241.159663 0.008774
588 26.721561 552.527413 2.117891 552.527413 -2.070899 8241.159663 0.008774
589 26.720995 551.819467 2.117896 551.819467 -2.070894 8241.159663 0.008774
590 26.720429 551.111110 2.117900 551.111110 -2.070890 8241.159663 0.008774
591 26.719862 550.402338 2.117905 550.402338 -2.070885 8241.159663 0.008774
592 26.719294 549.693143 2.117909 549.693143 -2.070881 8241.159663 0.008774
593 26.718726 548.983520 2.117914 548.983520 -2.070876 8241.159663 0.008774
594 26.718156 548.273463 2.117918 548.273463 -2.070872 8241.159663 0.008774
595 26.717585 547.562967 2.117923 547.562967 -2.070867 8241.159663 0.008774
596 26.717013 546.852024 2.117928 546.852024 -2.070863 8241.159663 0.008774
597 26.716440 546.140630 2.117932 546.140630 -2.070858 8241.159663 0.008774
598 26.715867 545.428777 2.117937 545.428777 -2.070853 8241.159663 0.008774
599 26.715292 544.716460 2.117942 544.716460 -2.070849 8241.159663 0.008774
600 26.714716 544.003672 2.117946 544.003672 -2.070844 8241.159663 0.008774
601 26.714139 543.290407 2.117951 543.290407 -2.070839 8241.159663 0.008774
602 26.713562 542.576658 2.117956 542.576658 -2.070835 8241.159663 0.008774
603 26.712983 541.862418 2.117960 541.862418 -2.070830 8241.159663 0.008774
604 26.712403 541.147682 2.117965 541.147682 -2.070825 8241.159663 0.008774
605 26.711822 540.432443 2.117970 540.432443 -2.070820 8241.159663 0.008774
606 26.711240 539.716692 2.117975 539.716692 -2.070816 8241.159663 0.008774
607 26.710657 539.000425 2.117979 539.000425 -2.070811 8241.159663 0.008774
608 26.710073 538.283633 2.117984 538.283633 -2.070806 8241.159663 0.008774
609 26.709488 537.566309 2.117989 537.566309 -2.070801 8241.159663 0.008774
610 26.708902 536.848447 2.117994 536.848447 -2.070797 8241.159663 0.008774
611 26.708315 536.130040 2.117999 536.130040 -2.070792 8241.159663 0.008774
612 26.707726 535.411079 2.118003 535.411079 -2.070787 8241.159663 0.008774
613 26.707137 534.691557 2.118008 534.691557 -2.070782 8241.159663 0.008774
614 26.706546 533.971468 2.118013 533.971468 -2.070777 8241.159663 0.008774
615 26.705954 533.250803 2.118018 533.250803 -2.070772 8241.159663 0.008774
616 26.705362 532.529555 2.118023 532.529555 -2.070767 8241.159663 0.008774
617 26.704768 531.807715 2.118028 531.807715 -2.070762 8241.159663 0.008774
618 26.704172 531.085276 2.118033 531.085276 -2.070757 8241.159663 0.008774
619 26.703576 530.362231 2.118038 530.362231 -2.070752 8241.159663 0.008774
620 26.702979 529.638570 2.118043 529.638570 -2.070747 8241.159663 0.008774
621 26.702380 528.914286 2.118048 528.914286 -2.070742 8241.159663 0.008774
622 26.701780 528.189370 2.118053 528.189370 -2.070737 8241.159663 0.008774
623 26.701179 527.463814 2.118058 527.463814 -2.070732 8241.159663 0.008774
624 26.700577 526.737610 2.118063 526.737610 -2.070727 8241.159663 0.008774
625 26.699973 526.010748 2.118068 526.010748 -2.070722 8241.159663 0.008774
626 26.699368 525.283220 2.118073 525.283220 -2.070717 8241.159663 0.008774
627 26.698762 524.555018 2.118078 524.555018 -2.070712 8241.159663 0.008774
628 26.698155 523.826131 2.118083 523.826131 -2.070707 8241.159663 0.008774
629 26.697547 523.096552 2.118088 523.096552 -2.070702 8241.159663 0.008774
630 26.696937 522.366271 2.118094 522.366271 -2.070697 8241.159663 0.008774
631 26.696326 521.635278 2.118099 521.635278 -2.070692 8241.159663 0.008774
632 26.695714 520.903564 2.118104 520.903564 -2.070686 8241.159663 0.008774
633 26.695100 520.171119 2.118109 520.171119 -2.070681 8241.159663 0.008774
634 26.694485 519.437935 2.118114 519.437935 -2.070676 8241.159663 0.008774
635 26.693869 518.704000 2.118120 518.704000 -2.070671 8241.159663 0.008774
636 26.693251 517.969305 2.118125 517.969305 -2.070665 8241.159663 0.008774
637 26.692632 517.233840 2.118130 517.233840 -2.070660 8241.159663 0.008774
638 26.692011 516.497594 2.118135 516.497594 -2.070655 8241.159663 0.008774
639 26.691390 515.760557 2.118141 515.760557 -2.070649 8241.159663 0.008774
640 26.690766 515.022719 2.118146 515.022719 -2.070644 8241.159663 0.008774
641 26.690142 514.284069 2.118152 514.284069 -2.070639 8241.159663 0.008774
642 26.689516 513.544595 2.118157 513.544595 -2.070633 8241.159663 0.008774
643 26.688888 512.804288 2.118162 512.804288 -2.070628 8241.159663 0.008774
644 26.688260 512.063135 2.118168 512.063135 -2.070622 8241.159663 0.008774
645 26.687629 511.321126 2.118173 511.321126 -2.070617 8241.159663 0.008774
646 26.686997 510.578249 2.118179 510.578249 -2.070611 8241.159663 0.008774
647 26.686364 509.834492 2.118184 509.834492 -2.070606 8241.159663 0.008774
648 26.685729 509.089844 2.118190 509.089844 -2.070600 8241.159663 0.008774
649 26.685093 508.344292 2.118195 508.344292 -2.070595 8241.159663 0.008774
650 26.684455 507.597825 2.118201 507.597825 -2.070589 8241.159663 0.008774
651 26.683816 506.850430 2.118206 506.850430 -2.070584 8241.159663 0.008774
652 26.683175 506.102095 2.118212 506.102095 -2.070578 8241.159663 0.008774
653 26.682532 505.352806 2.118218 505.352806 -2.070572 8241.159663 0.008774
654 26.681888 504.602551 2.118223 504.602551 -2.070567 8241.159663 0.008774
655 26.681243 503.851317 2.118229 503.851317 -2.070561 8241.159663 0.008774
656 26.680595 503.099091 2.118235 503.099091 -2.070555 8241.159663 0.008774
657 26.679946 502.345859 2.118241 502.345859 -2.070550 8241.159663 0.008774
658 26.679296 501.591608 2.118246 501.591608 -2.070544 8241.159663 0.008774
659 26.678643 500.836323 2.118252 500.836323 -2.070538 8241.159663 0.008774
660 26.677989 500.079991 2.118258 500.079991 -2.070532 8241.159663 0.008774
661 26.677334 499.322597 2.118264 499.322597 -2.070526 8241.159663 0.008774
662 26.676676 498.564126 2.118270 498.564126 -2.070521 8241.159663 0.008774
663 26.676017 497.804565 2.118276 497.804565 -2.070515 8241.159663 0.008774
664 26.675356 497.043897 2.118281 497.043897 -2.070509 8241.159663 0.008774
665 26.674694 496.282108 2.118287 496.282108 -2.070503 8241.159663 0.008774
666 26.674029 495.519182 2.118293 495.519182 -2.070497 8241.159663 0.008774
667 26.673363 494.755104 2.118299 494.755104 -2.070491 8241.159663 0.008774
668 26.672695 493.989858 2.118305 493.989858 -2.070485 8241.159663 0.008774
669 26.672025 493.223426 2.118311 493.223426 -2.070479 8241.159663 0.008774
670 26.671353 492.455794 2.118317 492.455794 -2.070473 8241.159663 0.008774
671 26.670680 491.686944 2.118324 491.686944 -2.070467 8241.159663 0.008774
672 26.670004 490.916859 2.118330 490.916859 -2.070461 8241.159663 0.008774
673 26.669327 490.145522 2.118336 490.145522 -2.070454 8241.159663 0.008774
674 26.668647 489.372915 2.118342 489.372915 -2.070448 8241.159663 0.008774
675 26.667966 488.599020 2.118348 488.599020 -2.070442 8241.159663 0.008774
676 26.667283 487.823820 2.118355 487.823820 -2.070436 8241.159663 0.008774
677 26.666597 487.047295 2.118361 487.047295 -2.070429 8241.159663 0.008774
678 26.665910 486.269427 2.118367 486.269427 -2.070423 8241.159663 0.008774
679 26.665220 485.490198 2.118373 485.490198 -2.070417 8241.159663 0.008774
680 26.664529 484.709586 2.118380 484.709586 -2.070410 8241.159663 0.008774
681 26.663835 483.927574 2.118386 483.927574 -2.070404 8241.159663 0.008774
682 26.663139 483.144139 2.118393 483.144139 -2.070398 8241.159663 0.008774
683 26.662441 482.359263 2.118399 482.359263 -2.070391 8241.159663 0.008774
684 26.661741 481.572925 2.118406 481.572925 -2.070385 8241.159663 0.008774
685 26.661039 480.785102 2.118412 480.785102 -2.070378 8241.159663 0.008774
686 26.660335 479.995775 2.118419 479.995775 -2.070371 8241.159663 0.008774
687 26.659628 479.204920 2.118425 479.204920 -2.070365 8241.159663 0.008774
688 26.658919 478.412515 2.118432 478.412515 -2.070358 8241.159663 0.008774
689 26.658208 477.618538 2.118439 477.618538 -2.070352 8241.159663 0.008774
690 26.657494 476.822965 2.118445 476.822965 -2.070345 8241.159663 0.008774
691 26.656778 476.025774 2.118452 476.025774 -2.070338 8241.159663 0.008774
692 26.656060 475.226939 2.118459 475.226939 -2.070331 8241.159663 0.008774
693 26.655339 474.426437 2.118466 474.426437 -2.070325 8241.159663 0.008774
694 26.654616 473.624243 2.118473 473.624243 -2.070318 8241.159663 0.008774
695 26.653890 472.820331 2.118479 472.820331 -2.070311 8241.159663 0.008774
696 26.653162 472.014675 2.118486 472.014675 -2.070304 8241.159663 0.008774
697 26.652431 471.207250 2.118493 471.207250 -2.070297 8241.159663 0.008774
698 26.651698 470.398028 2.118500 470.398028 -2.070290 8241.159663 0.008774
699 26.650962 469.586982 2.118507 469.586982 -2.070283 8241.159663 0.008774
700 26.650223 468.774084 2.118514 468.774084 -2.070276 8241.159663 0.008774
701 26.649482 467.959306 2.118522 467.959306 -2.070269 8241.159663 0.008774
702 26.648738 467.142619 2.118529 467.142619 -2.070261 8241.159663 0.008774
703 26.647992 466.323994 2.118536 466.323994 -2.070254 8241.159663 0.008774
704 26.647243 465.503399 2.118543 465.503399 -2.070247 8241.159663 0.008774
705 26.646490 464.680805 2.118551 464.680805 -2.070240 8241.159663 0.008774
706 26.645736 463.856180 2.118558 463.856180 -2.070232 8241.159663 0.008774
707 26.644978 463.029492 2.118565 463.029492 -2.070225 8241.159663 0.008774
708 26.644217 462.200709 2.118573 462.200709 -2.070218 8241.159663 0.008774
709 26.643453 461.369797 2.118580 461.369797 -2.070210 8241.159663 0.008774
710 26.642687 460.536722 2.118588 460.536722 -2.070203 8241.159663 0.008774
711 26.641917 459.701450 2.118595 459.701450 -2.070195 8241.159663 0.008774
712 26.641144 458.863945 2.118603 458.863945 -2.070187 8241.159663 0.008774
713 26.640369 458.024171 2.118610 458.024171 -2.070180 8241.159663 0.008774
714 26.639590 457.182091 2.118618 457.182091 -2.070172 8241.159663 0.008774
715 26.638807 456.337667 2.118626 456.337667 -2.070164 8241.159663 0.008774
716 26.638022 455.490861 2.118634 455.490861 -2.070156 8241.159663 0.008774
717 26.637233 454.641633 2.118642 454.641633 -2.070149 8241.159663 0.008774
718 26.636441 453.789943 2.118650 453.789943 -2.070141 8241.159663 0.008774
719 26.635646 452.935751 2.118658 452.935751 -2.070133 8241.159663 0.008774
720 26.634847 452.079013 2.118666 452.079013 -2.070125 8241.159663 0.008774
721 26.634045 451.219686 2.118674 451.219686 -2.070117 8241.159663 0.008774
722 26.633239 450.357728 2.118682 450.357728 -2.070108 8241.159663 0.008774
723 26.632430 449.493092 2.118690 449.493092 -2.070100 8241.159663 0.008774
724 26.631617 448.625733 2.118698 448.625733 -2.070092 8241.159663 0.008774
725 26.630800 447.755604 2.118706 447.755604 -2.070084 8241.159663 0.008774
726 26.629979 446.882655 2.118715 446.882655 -2.070075 8241.159663 0.008774
727 26.629155 446.006839 2.118723 446.006839 -2.070067 8241.159663 0.008774
728 26.628327 445.128104 2.118732 445.128104 -2.070059 8241.159663 0.008774
729 26.627495 444.246399 2.118740 444.246399 -2.070050 8241.159663 0.008774
730 26.626659 443.361671 2.118749 443.361671 -2.070041 8241.159663 0.008774
731 26.625819 442.473865 2.118758 442.473865 -2.070033 8241.159663 0.008774
732 26.624975 441.582925 2.118766 441.582925 -2.070024 8241.159663 0.008774
733 26.624127 440.688795 2.118775 440.688795 -2.070015 8241.159663 0.008774
734 26.623274 439.791417 2.118784 439.791417 -2.070006 8241.159663 0.008774
735 26.622417 438.890729 2.118793 438.890729 -2.069997 8241.159663 0.008774
736 26.621556 437.986671 2.118802 437.986671 -2.069988 8241.159663 0.008774
737 26.620691 437.079180 2.118811 437.079180 -2.069979 8241.159663 0.008774
738 26.619821 436.168191 2.118820 436.168191 -2.069970 8241.159663 0.008774
739 26.618946 435.253637 2.118829 435.253637 -2.069961 8241.159663 0.008774
740 26.618066 434.335450 2.118839 434.335450 -2.069952 8241.159663 0.008774
741 26.617182 433.413561 2.118848 433.413561 -2.069942 8241.159663 0.008774
742 26.616293 432.487897 2.118857 432.487897 -2.069933 8241.159663 0.008774
743 26.615399 431.558385 2.118867 431.558385 -2.069923 8241.159663 0.008774
744 26.614500 430.624948 2.118877 430.624948 -2.069914 8241.159663 0.008774
745 26.613596 429.687509 2.118886 429.687509 -2.069904 8241.159663 0.008774
746 26.612687 428.745988 2.118896 428.745988 -2.069894 8241.159663 0.008774
747 26.611773 427.800301 2.118906 427.800301 -2.069884 8241.159663 0.008774
748 26.610853 426.850365 2.118916 426.850365 -2.069874 8241.159663 0.008774
749 26.609928 425.896091 2.118926 425.896091 -2.069864 8241.159663 0.008774
750 26.608997 424.937391 2.118936 424.937391 -2.069854 8241.159663 0.008774
751 26.608060 423.974171 2.118946 423.974171 -2.069844 8241.159663 0.008774
752 26.607118 423.006336 2.118957 423.006336 -2.069834 8241.159663 0.008774
753 26.606170 422.033789 2.118967 422.033789 -2.069823 8241.159663 0.008774
754 26.605216 421.056428 2.118977 421.056428 -2.069813 8241.159663 0.008774
755 26.604255 420.074148 2.118988 420.074148 -2.069802 8241.159663 0.008774
756 26.603289 419.086842 2.118999 419.086842 -2.069791 8241.159663 0.008774
757 26.602316 418.094400 2.119010 418.094400 -2.069781 8241.159663 0.008774
758 26.601336 417.096707 2.119021 417.096707 -2.069770 8241.159663 0.008774
759 26.600350 416.093645 2.119032 416.093645 -2.069759 8241.159663 0.008774
760 26.599357 415.085092 2.119043 415.085092 -2.069748 8241.159663 0.008774
761 26.598357 414.070921 2.119054 414.070921 -2.069736 8241.159663 0.008774
762 26.597350 413.051003 2.119065 413.051003 -2.069725 8241.159663 0.008774
763 26.596336 412.025204 2.119077 412.025204 -2.069713 8241.159663 0.008774
764 26.595315 410.993383 2.119088 410.993383 -2.069702 8241.159663 0.008774
765 26.594286 409.955397 2.119100 409.955397 -2.069690 8241.159663 0.008774
766 26.593249 408.911097 2.119112 408.911097 -2.069678 8241.159663 0.008774
767 26.592204 407.860329 2.119124 407.860329 -2.069666 8241.159663 0.008774
768 26.591151 406.802932 2.119136 406.802932 -2.069654 8241.159663 0.008774
769 26.590091 405.738741 2.119149 405.738741 -2.069642 8241.159663 0.008774
770 26.589021 404.667584 2.119161 404.667584 -2.069629 8241.159663 0.008774
771 26.587943 403.589283 2.119174 403.589283 -2.069617 8241.159663 0.008774
772 26.586856 402.503653 2.119186 402.503653 -2.069604 8241.159663 0.008774
773 26.585760 401.410502 2.119199 401.410502 -2.069591 8241.159663 0.008774
774 26.584655 400.309630 2.119212 400.309630 -2.069578 8241.159663 0.008774
775 26.583540 399.200830 2.119225 399.200830 -2.069565 8241.159663 0.008774
776 26.582416 398.083886 2.119239 398.083886 -2.069551 8241.159663 0.008774
777 26.581281 396.958574 2.119252 396.958574 -2.069538 8241.159663 0.008774
778 26.580137 395.824660 2.119266 395.824660 -2.069524 8241.159663 0.008774
779 26.578981 394.681901 2.119280 394.681901 -2.069510 8241.159663 0.008774
780 26.577815 393.530043 2.119294 393.530043 -2.069496 8241.159663 0.008774
781 26.576638 392.368821 2.119308 392.368821 -2.069482 8241.159663 0.008774
782 26.575449 391.197959 2.119323 391.197959 -2.069467 8241.159663 0.008774
783 26.574249 390.017168 2.119338 390.017168 -2.069453 8241.159663 0.008774
784 26.573036 388.826148 2.119352 388.826148 -2.069438 8241.159663 0.008774
785 26.571811 387.624582 2.119368 387.624582 -2.069423 8241.159663 0.008774
786 26.570573 386.412141 2.119383 386.412141 -2.069407 8241.159663 0.008774
787 26.569322 385.188479 2.119399 385.188479 -2.069392 8241.159663 0.008774
788 26.568058 383.953235 2.119414 383.953235 -2.069376 8241.159663 0.008774
789 26.566779 382.706027 2.119430 382.706027 -2.069360 8241.159663 0.008774
790 26.565486 381.446457 2.119447 381.446457 -2.069343 8241.159663 0.008774
791 26.564178 380.174106 2.119463 380.174106 -2.069327 8241.159663 0.008774
792 26.562855 378.888533 2.119480 378.888533 -2.069310 8241.159663 0.008774
793 26.561515 377.589274 2.119497 377.589274 -2.069293 8241.159663 0.008774
794 26.560160 376.275841 2.119515 376.275841 -2.069275 8241.159663 0.008774
795 26.558787 374.947716 2.119533 374.947716 -2.069257 8241.159663 0.008774
796 26.557396 373.604357 2.119551 373.604357 -2.069239 8241.159663 0.008774
797 26.555987 372.245188 2.119569 372.245188 -2.069221 8241.159663 0.008774
798 26.554560 370.869599 2.119588 370.869599 -2.069202 8241.159663 0.008774
799 26.553112 369.476947 2.119607 369.476947 -2.069183 8241.159663 0.008774
800 26.551644 368.066547 2.119627 368.066547 -2.069163 8241.159663 0.008774
801 26.550155 366.637672 2.119647 366.637672 -2.069144 8241.159663 0.008774
802 26.548644 365.189552 2.119667 365.189552 -2.069123 8241.159663 0.008774
803 26.547110 363.721364 2.119688 363.721364 -2.069102 8241.159663 0.008774
804 26.545552 362.232232 2.119709 362.232232 -2.069081 8241.159663 0.008774
805 26.543969 360.721219 2.119731 360.721219 -2.069060 8241.159663 0.008774
806 26.542360 359.187324 2.119753 359.187324 -2.069037 8241.159663 0.008774
807 26.540723 357.629476 2.119776 357.629476 -2.069015 8241.159663 0.008774
808 26.539058 356.046524 2.119799 356.046524 -2.068991 8241.159663 0.008774
809 26.537363 354.437231 2.119823 354.437231 -2.068968 8241.159663 0.008774
810 26.535637 352.800264 2.119847 352.800264 -2.068943 8241.159663 0.008774
811 26.533878 351.134187 2.119872 351.134187 -2.068918 8241.159663 0.008774
812 26.532084 349.437443 2.119898 349.437443 -2.068892 8241.159663 0.008774
813 26.530254 347.708348 2.119924 347.708348 -2.068866 8241.159663 0.008774
814 26.528385 345.945069 2.119952 345.945069 -2.068839 8241.159663 0.008774
815 26.526476 344.145613 2.119980 344.145613 -2.068811 8241.159663 0.008774
816 26.524524 342.307799 2.120008 342.307799 -2.068782 8241.159663 0.008774
817 26.522526 340.429242 2.120038 340.429242 -2.068752 8241.159663 0.008774
818 26.520479 338.507320 2.120069 338.507320 -2.068721 8241.159663 0.008774
819 26.518381 336.539141 2.120101 336.539141 -2.068689 8241.159663 0.008774
820 26.516227 334.521510 2.120134 334.521510 -2.068656 8241.159663 0.008774
821 26.514015 332.450877 2.120168 332.450877 -2.068622 8241.159663 0.008774
822 26.511739 330.323286 2.120203 330.323286 -2.068587 8241.159663 0.008774
823 26.509395 328.134306 2.120240 328.134306 -2.068550 8241.159663 0.008774
824 26.506977 325.878956 2.120279 325.878956 -2.068511 8241.159663 0.008774
825 26.504479 323.551600 2.120319 323.551600 -2.068471 8241.159663 0.008774
826 26.501895 321.145831 2.120361 321.145831 -2.068429 8241.159663 0.008774
827 26.499216 318.654319 2.120405 318.654319 -2.068385 8241.159663 0.008774
828 26.496434 316.068620 2.120451 316.068620 -2.068339 8241.159663 0.008774
829 26.493537 313.378934 2.120500 313.378934 -2.068290 8241.159663 0.008774
830 26.490512 310.573792 2.120551 310.573792 -2.068239 8241.159663 0.008774
831 26.487347 307.639647 2.120606 307.639647 -2.068184 8241.159663 0.008774
832 26.484022 304.560327 2.120664 304.560327 -2.068126 8241.159663 0.008774
833 26.480516 301.316294 2.120727 301.316294 -2.068063 8241.159663 0.008774
834 26.476805 297.883620 2.120794 297.883620 -2.067996 8241.159663 0.008774
835 26.472855 294.232530 2.120867 294.232530 -2.067923 8241.159663 0.008774
836 26.468625 290.325287 2.120946 290.325287 -2.067844 8241.159663 0.008774
837 26.464063 286.112995 2.121034 286.112995 -2.067757 8241.159663 0.008774
838 26.459098 281.530598 2.121131 281.530598 -2.067659 8241.159663 0.008774
