20 10.707180 638.459442 -2.079141 638.459442 2.109649 8241.159663 0.008774
21 10.707180 638.469762 -2.079141 638.469762 2.109649 8241.159663 0.008774
22 10.707179 638.481246 -2.079141 638.481246 2.109649 8241.159663 0.008774
23 10.707177 638.493907 -2.079142 638.493907 2.109649 8241.159663 0.008774
24 10.707176 638.507754 -2.079142 638.507754 2.109648 8241.159663 0.008774
25 10.707174 638.522795 -2.079142 638.522795 2.109648 8241.159663 0.008774
26 10.707172 638.539034 -2.079142 638.539034 2.109648 8241.159663 0.008774
27 10.707170 638.556472 -2.079142 638.556472 2.109648 8241.159663 0.008774
28 10.707167 638.575110 -2.079142 638.575110 2.109648 8241.159663 0.008774
29 10.707164 638.594945 -2.079143 638.594945 2.109648 8241.159663 0.008774
30 10.707161 638.615974 -2.079143 638.615974 2.109647 8241.159663 0.008774
31 10.707157 638.638193 -2.079143 638.638193 2.109647 8241.159663 0.008774
32 10.707153 638.661596 -2.079143 638.661596 2.109647 8241.159663 0.008774
33 10.707149 638.686174 -2.079143 638.686174 2.109647 8241.159663 0.008774
34 10.707143 638.711921 -2.079144 638.711921 2.109647 8241.159663 0.008774
35 10.707138 638.738827 -2.079144 638.738827 2.109646 8241.159663 0.008774
36 10.707132 638.766882 -2.079144 638.766882 2.109646 8241.159663 0.008774
37 10.707125 638.796078 -2.079144 638.796078 2.109646 8241.159663 0.008774
38 10.707118 638.826402 -2.079145 638.826402 2.109646 8241.159663 0.008774
39 10.707110 638.857844 -2.079145 638.857844 2.109645 8241.159663 0.008774
40 10.707102 638.890392 -2.079145 638.890392 2.109645 8241.159663 0.008774
41 10.707093 638.924035 -2.079145 638.924035 2.109645 8241.159663 0.008774
42 10.707083 638.958760 -2.079146 638.958760 2.109644 8241.159663 0.008774
43 10.707073 638.994555 -2.079146 638.994555 2.109644 8241.159663 0.008774
44 10.707062 639.031409 -2.079146 639.031409 2.109644 8241.159663 0.008774
45 10.707051 639.069309 -2.079147 639.069309 2.109644 8241.159663 0.008774
46 10.707038 639.108241 -2.079147 639.108241 2.109643 8241.159663 0.008774
47 10.707026 639.148195 -2.079147 639.148195 2.109643 8241.159663 0.008774
48 10.707012 639.189156 -2.079148 639.189156 2.109643 8241.159663 0.008774
49 10.706998 639.231114 -2.079148 639.231114 2.109642 8241.159663 0.008774
50 10.706982 639.274056 -2.079148 639.274056 2.109642 8241.159663 0.008774
51 10.706967 639.317969 -2.079149 639.317969 2.109642 8241.159663 0.008774
52 10.706950 639.362842 -2.079149 639.362842 2.109641 8241.159663 0.008774
53 10.706933 639.408663 -2.079149 639.408663 2.109641 8241.159663 0.008774
54 10.706915 639.455419 -2.079150 639.455419 2.109640 8241.159663 0.008774
55 10.706896 639.503100 -2.079150 639.503100 2.109640 8241.159663 0.008774
56 10.706876 639.551693 -2.079151 639.551693 2.109640 8241.159663 0.008774
57 10.706856 639.601189 -2.079151 639.601189 2.109639 8241.159663 0.008774
58 10.706835 639.651575 -2.079151 639.651575 2.109639 8241.159663 0.008774
59 10.706813 639.702841 -2.079152 639.702841 2.109638 8241.159663 0.008774
60 10.706790 639.754977 -2.079152 639.754977 2.109638 8241.159663 0.008774
61 10.706766 639.807972 -2.079153 639.807972 2.109638 8241.159663 0.008774
62 10.706742 639.861815 -2.079153 639.861815 2.109637 8241.159663 0.008774
63 10.706717 639.916498 -2.079153 639.916498 2.109637 8241.159663 0.008774
64 10.706691 639.972009 -2.079154 639.972009 2.109636 8241.159663 0.008774
65 10.706664 640.028341 -2.079154 640.028341 2.109636 8241.159663 0.008774
66 10.706636 640.085483 -2.079155 640.085483 2.109635 8241.159663 0.008774
67 10.706608 640.143426 -2.079155 640.143426 2.109635 8241.159663 0.008774
68 10.706579 640.202162 -2.079156 640.202162 2.109634 8241.159663 0.008774
69 10.706548 640.261681 -2.079156 640.261681 2.109634 8241.159663 0.008774
70 10.706517 640.321977 -2.079157 640.321977 2.109634 8241.159663 0.008774
71 10.706486 640.383039 -2.079157 640.383039 2.109633 8241.159663 0.008774
72 10.706453 640.444861 -2.079158 640.444861 2.109633 8241.159663 0.008774
73 10.706420 640.507435 -2.079158 640.507435 2.109632 8241.159663 0.008774
74 10.706386 640.570752 -2.079159 640.570752 2.109632 8241.159663 0.008774
75 10.706351 640.634806 -2.079159 640.634806 2.109631 8241.159663 0.008774
76 10.706315 640.699589 -2.079160 640.699589 2.109631 8241.159663 0.008774
77 10.706278 640.765094 -2.079160 640.765094 2.109630 8241.159663 0.008774
78 10.706240 640.831315 -2.079161 640.831315 2.109630 8241.159663 0.008774
79 10.706202 640.898243 -2.079161 640.898243 2.109629 8241.159663 0.008774
80 10.706163 640.965874 -2.079162 640.965874 2.109629 8241.159663 0.008774
81 10.706123 641.034201 -2.079162 641.034201 2.109628 8241.159663 0.008774
82 10.706082 641.103217 -2.079163 641.103217 2.109627 8241.159663 0.008774
83 10.706041 641.172916 -2.079163 641.172916 2.109627 8241.159663 0.008774
84 10.705999 641.243293 -2.079164 641.243293 2.109626 8241.159663 0.008774
85 10.705955 641.314341 -2.079164 641.314341 2.109626 8241.159663 0.008774
86 10.705911 641.386055 -2.079165 641.386055 2.109625 8241.159663 0.008774
87 10.705867 641.458430 -2.079166 641.458430 2.109625 8241.159663 0.008774
88 10.705821 641.531460 -2.079166 641.531460 2.109624 8241.159663 0.008774
89 10.705775 641.605139 -2.079167 641.605139 2.109624 8241.159663 0.008774
90 10.705728 641.679463 -2.079167 641.679463 2.109623 8241.159663 0.008774
91 10.705680 641.754427 -2.079168 641.754427 2.109622 8241.159663 0.008774
92 10.705631 641.830025 -2.079168 641.830025 2.109622 8241.159663 0.008774
93 10.705582 641.906254 -2.079169 641.906254 2.109621 8241.159663 0.008774
94 10.705532 641.983107 -2.079170 641.983107 2.109621 8241.159663 0.008774
95 10.705481 642.060582 -2.079170 642.060582 2.109620 8241.159663 0.008774
96 10.705429 642.138672 -2.079171 642.138672 2.109619 8241.159663 0.008774
97 10.705376 642.217374 -2.079171 642.217374 2.109619 8241.159663 0.008774
98 10.705323 642.296684 -2.079172 642.296684 2.109618 8241.159663 0.008774
99 10.705269 642.376596 -2.079173 642.376596 2.109618 8241.159663 0.008774
100 10.705214 642.457108 -2.079173 642.457108 2.109617 8241.159663 0.008774
101 10.705159 642.538215 -2.079174 642.538215 2.109616 8241.159663 0.008774
102 10.705103 642.619913 -2.079174 642.619913 2.109616 8241.159663 0.008774
103 10.705046 642.702198 -2.079175 642.702198 2.109615 8241.159663 0.008774
104 10.704988 642.785067 -2.079176 642.785067 2.109615 8241.159663 0.008774
105 10.704930 642.868515 -2.079176 642.868515 2.109614 8241.159663 0.008774
106 10.704871 642.952539 -2.079177 642.952539 2.109613 8241.159663 0.008774
107 10.704811 643.037135 -2.079178 643.037135 2.109613 8241.159663 0.008774
108 10.704750 643.122301 -2.079178 643.122301 2.109612 8241.159663 0.008774
109 10.704689 643.208031 -2.079179 643.208031 2.109611 8241.159663 0.008774
110 10.704627 643.294324 -2.079179 643.294324 2.109611 8241.159663 0.008774
111 10.704565 643.381175 -2.079180 643.381175 2.109610 8241.159663 0.008774
112 10.704501 643.468581 -2.079181 643.468581 2.109609 8241.159663 0.008774
113 10.704437 643.556539 -2.079181 643.556539 2.109609 8241.159663 0.008774
114 10.704373 643.645046 -2.079182 643.645046 2.109608 8241.159663 0.008774
115 10.704307 643.734099 -2.079183 643.734099 2.109607 8241.159663 0.008774
116 10.704241 643.823694 -2.079183 643.823694 2.109607 8241.159663 0.008774
117 10.704175 643.913829 -2.079184 643.913829 2.109606 8241.159663 0.008774
118 10.704107 644.004500 -2.079185 644.004500 2.109605 8241.159663 0.008774
119 10.704039 644.095706 -2.079185 644.095706 2.109605 8241.159663 0.008774
120 10.703971 644.187441 -2.079186 644.187441 2.109604 8241.159663 0.008774
121 10.703901 644.279705 -2.079187 644.279705 2.109603 8241.159663 0.008774
122 10.703831 644.372494 -2.079188 644.372494 2.109603 8241.159663 0.008774
123 10.703761 644.465805 -2.079188 644.465805 2.109602 8241.159663 0.008774
124 10.703690 644.559636 -2.079189 644.559636 2.109601 8241.159663 0.008774
125 10.703618 644.653983 -2.079190 644.653983 2.109601 8241.159663 0.008774
126 10.703545 644.748845 -2.079190 644.748845 2.109600 8241.159663 0.008774
127 10.703472 644.844218 -2.079191 644.844218 2.109599 8241.159663 0.008774
128 10.703399 644.940101 -2.079192 644.940101 2.109598 8241.159663 0.008774
129 10.703324 645.036490 -2.079192 645.036490 2.109598 8241.159663 0.008774
130 10.703250 645.133382 -2.079193 645.133382 2.109597 8241.159663 0.008774
131 10.703174 645.230777 -2.079194 645.230777 2.109596 8241.159663 0.008774
132 10.703098 645.328671 -2.079195 645.328671 2.109596 8241.159663 0.008774
133 10.703021 645.427061 -2.079195 645.427061 2.109595 8241.159663 0.008774
134 10.702944 645.525945 -2.079196 645.525945 2.109594 8241.159663 0.008774
135 10.702866 645.625322 -2.079197 645.625322 2.109593 8241.159663 0.008774
136 10.702788 645.725188 -2.079198 645.725188 2.109593 8241.159663 0.008774
137 10.702709 645.825542 -2.079198 645.825542 2.109592 8241.159663 0.008774
138 10.702629 645.926381 -2.079199 645.926381 2.109591 8241.159663 0.008774
139 10.702549 646.027703 -2.079200 646.027703 2.109590 8241.159663 0.008774
140 10.702468 646.129505 -2.079200 646.129505 2.109590 8241.159663 0.008774
141 10.702387 646.231786 -2.079201 646.231786 2.109589 8241.159663 0.008774
142 10.702305 646.334544 -2.079202 646.334544 2.109588 8241.159663 0.008774
143 10.702223 646.437775 -2.079203 646.437775 2.109587 8241.159663 0.008774
144 10.702140 646.541479 -2.079203 646.541479 2.109587 8241.159663 0.008774
145 10.702057 646.645654 -2.079204 646.645654 2.109586 8241.159663 0.008774
146 10.701973 646.750296 -2.079205 646.750296 2.109585 8241.159663 0.008774
147 10.701888 646.855405 -2.079206 646.855405 2.109584 8241.159663 0.008774
148 10.701804 646.960977 -2.079207 646.960977 2.109584 8241.159663 0.008774
149 10.701718 647.067012 -2.079207 647.067012 2.109583 8241.159663 0.008774
150 10.701632 647.173507 -2.079208 647.173507 2.109582 8241.159663 0.008774
151 10.701545 647.280461 -2.079209 647.280461 2.109581 8241.159663 0.008774
152 10.701458 647.387871 -2.079210 647.387871 2.109581 8241.159663 0.008774
153 10.701371 647.495736 -2.079210 647.495736 2.109580 8241.159663 0.008774
154 10.701283 647.604053 -2.079211 647.604053 2.109579 8241.159663 0.008774
155 10.701194 647.712822 -2.079212 647.712822 2.109578 8241.159663 0.008774
156 10.701105 647.822039 -2.079213 647.822039 2.109577 8241.159663 0.008774
157 10.701016 647.931704 -2.079214 647.931704 2.109577 8241.159663 0.008774
158 10.700926 648.041815 -2.079214 648.041815 2.109576 8241.159663 0.008774
159 10.700835 648.152369 -2.079215 648.152369 2.109575 8241.159663 0.008774
160 10.700744 648.263366 -2.079216 648.263366 2.109574 8241.159663 0.008774
161 10.700653 648.374803 -2.079217 648.374803 2.109574 8241.159663 0.008774
162 10.700561 648.486679 -2.079217 648.486679 2.109573 8241.159663 0.008774
163 10.700469 648.598992 -2.079218 648.598992 2.109572 8241.159663 0.008774
164 10.700376 648.711741 -2.079219 648.711741 2.109571 8241.159663 0.008774
165 10.700283 648.824924 -2.079220 648.824924 2.109570 8241.159663 0.008774
166 10.700189 648.938539 -2.079221 648.938539 2.109569 8241.159663 0.008774
167 10.700095 649.052585 -2.079222 649.052585 2.109569 8241.159663 0.008774
168 10.700000 649.167060 -2.079222 649.167060 2.109568 8241.159663 0.008774
169 10.699905 649.281963 -2.079223 649.281963 2.109567 8241.159663 0.008774
170 10.699810 649.397292 -2.079224 649.397292 2.109566 8241.159663 0.008774
171 10.699714 649.513046 -2.079225 649.513046 2.109565 8241.159663 0.008774
172 10.699617 649.629223 -2.079226 649.629223 2.109565 8241.159663 0.008774
173 10.699521 649.745822 -2.079226 649.745822 2.109564 8241.159663 0.008774
174 10.699423 649.862841 -2.079227 649.862841 2.109563 8241.159663 0.008774
175 10.699326 649.980279 -2.079228 649.980279 2.109562 8241.159663 0.008774
176 10.699228 650.098135 -2.079229 650.098135 2.109561 8241.159663 0.008774
177 10.699129 650.216406 -2.079230 650.216406 2.109560 8241.159663 0.008774
178 10.699030 650.335093 -2.079231 650.335093 2.109560 8241.159663 0.008774
179 10.698931 650.454193 -2.079231 650.454193 2.109559 8241.159663 0.008774
180 10.698831 650.573705 -2.079232 650.573705 2.109558 8241.159663 0.008774
181 10.698731 650.693628 -2.079233 650.693628 2.109557 8241.159663 0.008774
182 10.698631 650.813960 -2.079234 650.813960 2.109556 8241.159663 0.008774
183 10.698530 650.934701 -2.079235 650.934701 2.109555 8241.159663 0.008774
184 10.698429 651.055848 -2.079236 651.055848 2.109555 8241.159663 0.008774
185 10.698327 651.177401 -2.079236 651.177401 2.109554 8241.159663 0.008774
186 10.698225 651.299359 -2.079237 651.299359 2.109553 8241.159663 0.008774
187 10.698123 651.421719 -2.079238 651.421719 2.109552 8241.159663 0.008774
188 10.698020 651.544482 -2.079239 651.544482 2.109551 8241.159663 0.008774
189 10.697917 651.667646 -2.079240 651.667646 2.109550 8241.159663 0.008774
190 10.697813 651.791209 -2.079241 651.791209 2.109549 8241.159663 0.008774
191 10.697709 651.915171 -2.079242 651.915171 2.109549 8241.159663 0.008774
192 10.697605 652.039531 -2.079242 652.039531 2.109548 8241.159663 0.008774
193 10.697500 652.164286 -2.079243 652.164286 2.109547 8241.159663 0.008774
194 10.697395 652.289437 -2.079244 652.289437 2.109546 8241.159663 0.008774
195 10.697290 652.414982 -2.079245 652.414982 2.109545 8241.159663 0.008774
196 10.697184 652.540920 -2.079246 652.540920 2.109544 8241.159663 0.008774
197 10.697078 652.667250 -2.079247 652.667250 2.109543 8241.159663 0.008774
198 10.696972 652.793970 -2.079248 652.793970 2.109543 8241.159663 0.008774
199 10.696865 652.921081 -2.079249 652.921081 2.109542 8241.159663 0.008774
200 10.696758 653.048581 -2.079249 653.048581 2.109541 8241.159663 0.008774
201 10.696650 653.176468 -2.079250 653.176468 2.109540 8241.159663 0.008774
202 10.696543 653.304742 -2.079251 653.304742 2.109539 8241.159663 0.008774
203 10.696434 653.433402 -2.079252 653.433402 2.109538 8241.159663 0.008774
204 10.696326 653.562448 -2.079253 653.562448 2.109537 8241.159663 0.008774
205 10.696217 653.691877 -2.079254 653.691877 2.109536 8241.159663 0.008774
206 10.696108 653.821689 -2.079255 653.821689 2.109536 8241.159663 0.008774
207 10.695999 653.951884 -2.079256 653.951884 2.109535 8241.159663 0.008774
208 10.695889 654.082459 -2.079256 654.082459 2.109534 8241.159663 0.008774
209 10.695779 654.213416 -2.079257 654.213416 2.109533 8241.159663 0.008774
210 10.695668 654.344751 -2.079258 654.344751 2.109532 8241.159663 0.008774
211 10.695557 654.476466 -2.079259 654.476466 2.109531 8241.159663 0.008774
212 10.695446 654.608558 -2.079260 654.608558 2.109530 8241.159663 0.008774
213 10.695335 654.741027 -2.079261 654.741027 2.109529 8241.159663 0.008774
214 10.695223 654.873873 -2.079262 654.873873 2.109528 8241.159663 0.008774
215 10.695111 655.007094 -2.079263 655.007094 2.109527 8241.159663 0.008774
216 10.694999 655.140689 -2.079264 655.140689 2.109527 8241.159663 0.008774
217 10.694886 655.274658 -2.079265 655.274658 2.109526 8241.159663 0.008774
218 10.694774 655.409000 -2.079265 655.409000 2.109525 8241.159663 0.008774
219 10.694660 655.543715 -2.079266 655.543715 2.109524 8241.159663 0.008774
220 10.694547 655.678801 -2.079267 655.678801 2.109523 8241.159663 0.008774
221 10.694433 655.814258 -2.079268 655.814258 2.109522 8241.159663 0.008774
222 10.694319 655.950086 -2.079269 655.950086 2.109521 8241.159663 0.008774
223 10.694205 656.086282 -2.079270 656.086282 2.109520 8241.159663 0.008774
224 10.694090 656.222848 -2.079271 656.222848 2.109519 8241.159663 0.008774
225 10.693975 656.359781 -2.079272 656.359781 2.109518 8241.159663 0.008774
226 10.693860 656.497082 -2.079273 656.497082 2.109517 8241.159663 0.008774
227 10.693744 656.634750 -2.079274 656.634750 2.109517 8241.159663 0.008774
228 10.693629 656.772784 -2.079275 656.772784 2.109516 8241.159663 0.008774
229 10.693513 656.911183 -2.079276 656.911183 2.109515 8241.159663 0.008774
230 10.693396 657.049948 -2.079276 657.049948 2.109514 8241.159663 0.008774
231 10.693280 657.189076 -2.079277 657.189076 2.109513 8241.159663 0.008774
232 10.693163 657.328569 -2.079278 657.328569 2.109512 8241.159663 0.008774
233 10.693046 657.468425 -2.079279 657.468425 2.109511 8241.159663 0.008774
234 10.692928 657.608643 -2.079280 657.608643 2.109510 8241.159663 0.008774
235 10.692810 657.749223 -2.079281 657.749223 2.109509 8241.159663 0.008774
236 10.692693 657.890165 -2.079282 657.890165 2.109508 8241.159663 0.008774
237 10.692574 658.031468 -2.079283 658.031468 2.109507 8241.159663 0.008774
238 10.692456 658.173131 -2.079284 658.173131 2.109506 8241.159663 0.008774
239 10.692337 658.315155 -2.079285 658.315155 2.109505 8241.159663 0.008774
240 10.692218 658.457538 -2.079286 658.457538 2.109504 8241.159663 0.008774
241 10.692099 658.600280 -2.079287 658.600280 2.109504 8241.159663 0.008774
242 10.691979 658.743380 -2.079288 658.743380 2.109503 8241.159663 0.008774
243 10.691860 658.886839 -2.079289 658.886839 2.109502 8241.159663 0.008774
244 10.691740 659.030655 -2.079290 659.030655 2.109501 8241.159663 0.008774
245 10.691620 659.174829 -2.079290 659.174829 2.109500 8241.159663 0.008774
246 10.691499 659.319359 -2.079291 659.319359 2.109499 8241.159663 0.008774
247 10.691378 659.464246 -2.079292 659.464246 2.109498 8241.159663 0.008774
248 10.691257 659.609489 -2.079293 659.609489 2.109497 8241.159663 0.008774
249 10.691136 659.755087 -2.079294 659.755087 2.109496 8241.159663 0.008774
250 10.691015 659.901041 -2.079295 659.901041 2.109495 8241.159663 0.008774
251 10.690893 660.047350 -2.079296 660.047350 2.109494 8241.159663 0.008774
252 10.690771 660.194013 -2.079297 660.194013 2.109493 8241.159663 0.008774
253 10.690649 660.341031 -2.079298 660.341031 2.109492 8241.159663 0.008774
254 10.690526 660.488402 -2.079299 660.488402 2.109491 8241.159663 0.008774
255 10.690404 660.636127 -2.079300 660.636127 2.109490 8241.159663 0.008774
256 10.690281 660.784205 -2.079301 660.784205 2.109489 8241.159663 0.008774
257 10.690158 660.932637 -2.079302 660.932637 2.109488 8241.159663 0.008774
258 10.690035 661.081421 -2.079303 661.081421 2.109487 8241.159663 0.008774
259 10.689911 661.230557 -2.079304 661.230557 2.109486 8241.159663 0.008774
260 10.689787 661.380046 -2.079305 661.380046 2.109485 8241.159663 0.008774
261 10.689663 661.529886 -2.079306 661.529886 2.109484 8241.159663 0.008774
262 10.689539 661.680078 -2.079307 661.680078 2.109483 8241.159663 0.008774
263 10.689415 661.830622 -2.079308 661.830622 2.109482 8241.159663 0.008774
264 10.689290 661.981517 -2.079309 661.981517 2.109481 8241.159663 0.008774
265 10.689165 662.132763 -2.079310 662.132763 2.109480 8241.159663 0.008774
266 10.689040 662.284359 -2.079311 662.284359 2.109480 8241.159663 0.008774
267 10.688915 662.436307 -2.079312 662.436307 2.109479 8241.159663 0.008774
268 10.688789 662.588604 -2.079313 662.588604 2.109478 8241.159663 0.008774
269 10.688664 662.741252 -2.079314 662.741252 2.109477 8241.159663 0.008774
270 10.688538 662.894251 -2.079315 662.894251 2.109476 8241.159663 0.008774
271 10.688411 663.047599 -2.079316 663.047599 2.109475 8241.159663 0.008774
272 10.688285 663.201297 -2.079317 663.201297 2.109474 8241.159663 0.008774
273 10.688159 663.355344 -2.079318 663.355344 2.109473 8241.159663 0.008774
274 10.688032 663.509742 -2.079319 663.509742 2.109472 8241.159663 0.008774
275 10.687905 663.664489 -2.079320 663.664489 2.109471 8241.159663 0.008774
276 10.687778 663.819585 -2.079321 663.819585 2.109470 8241.159663 0.008774
277 10.687650 663.975031 -2.079322 663.975031 2.109469 8241.159663 0.008774
278 10.687523 664.130825 -2.079323 664.130825 2.109468 8241.159663 0.008774
279 10.687395 664.286969 -2.079323 664.286969 2.109467 8241.159663 0.008774
280 10.687267 664.443463 -2.079324 664.443463 2.109466 8241.159663 0.008774
281 10.687139 664.600305 -2.079325 664.600305 2.109465 8241.159663 0.008774
282 10.687010 664.757496 -2.079326 664.757496 2.109464 8241.159663 0.008774
283 10.686882 664.915037 -2.079327 664.915037 2.109463 8241.159663 0.008774
284 10.686753 665.072926 -2.079328 665.072926 2.109462 8241.159663 0.008774
285 10.686624 665.231165 -2.079329 665.231165 2.109461 8241.159663 0.008774
286 10.686495 665.389752 -2.079330 665.389752 2.109460 8241.159663 0.008774
287 10.686366 665.548689 -2.079331 665.548689 2.109459 8241.159663 0.008774
288 10.686236 665.707974 -2.079332 665.707974 2.109458 8241.159663 0.008774
289 10.686106 665.867609 -2.079333 665.867609 2.109457 8241.159663 0.008774
290 10.685976 666.027593 -2.079334 666.027593 2.109456 8241.159663 0.008774
291 10.685846 666.187926 -2.079336 666.187926 2.109455 8241.159663 0.008774
292 10.685716 666.348609 -2.079337 666.348609 2.109454 8241.159663 0.008774
293 10.685586 666.509641 -2.079338 666.509641 2.109453 8241.159663 0.008774
294 10.685455 666.671022 -2.079339 666.671022 2.109452 8241.159663 0.008774
295 10.685324 666.832753 -2.079340 666.832753 2.109451 8241.159663 0.008774
296 10.685193 666.994834 -2.079341 666.994834 2.109450 8241.159663 0.008774
297 10.685062 667.157264 -2.079342 667.157264 2.109449 8241.159663 0.008774
298 10.684930 667.320044 -2.079343 667.320044 2.109448 8241.159663 0.008774
299 10.684799 667.483174 -2.079344 667.483174 2.109447 8241.159663 0.008774
300 10.684667 667.646655 -2.079345 667.646655 2.109446 8241.159663 0.008774
301 10.684535 667.810486 -2.079346 667.810486 2.109445 8241.159663 0.008774
302 10.684403 667.974667 -2.079347 667.974667 2.109444 8241.159663 0.008774
303 10.684271 668.139199 -2.079348 668.139199 2.109443 8241.159663 0.008774
304 10.684138 668.304082 -2.079349 668.304082 2.109441 8241.159663 0.008774
305 10.684006 668.469316 -2.079350 668.469316 2.109440 8241.159663 0.008774
306 10.683873 668.634901 -2.079351 668.634901 2.109439 8241.159663 0.008774
307 10.683740 668.800838 -2.079352 668.800838 2.109438 8241.159663 0.008774
308 10.683607 668.967126 -2.079353 668.967126 2.109437 8241.159663 0.008774
309 10.683473 669.133766 -2.079354 669.133766 2.109436 8241.159663 0.008774
310 10.683340 669.300759 -2.079355 669.300759 2.109435 8241.159663 0.008774
311 10.683206 669.468104 -2.079356 669.468104 2.109434 8241.159663 0.008774
312 10.683072 669.635801 -2.079357 669.635801 2.109433 8241.159663 0.008774
313 10.682938 669.803852 -2.079358 669.803852 2.109432 8241.159663 0.008774
314 10.682804 669.972256 -2.079359 669.972256 2.109431 8241.159663 0.008774
315 10.682670 670.141013 -2.079360 670.141013 2.109430 8241.159663 0.008774
316 10.682535 670.310125 -2.079361 670.310125 2.109429 8241.159663 0.008774
317 10.682401 670.479590 -2.079362 670.479590 2.109428 8241.159663 0.008774
318 10.682266 670.649410 -2.079363 670.649410 2.109427 8241.159663 0.008774
319 10.682131 670.819585 -2.079364 670.819585 2.109426 8241.159663 0.008774
320 10.681996 670.990115 -2.079365 670.990115 2.109425 8241.159663 0.008774
321 10.681860 671.161000 -2.079366 671.161000 2.109424 8241.159663 0.008774
322 10.681725 671.332241 -2.079367 671.332241 2.109423 8241.159663 0.008774
323 10.681589 671.503839 -2.079368 671.503839 2.109422 8241.159663 0.008774
324 10.681453 671.675793 -2.079369 671.675793 2.109421 8241.159663 0.008774
325 10.681317 671.848104 -2.079370 671.848104 2.109420 8241.159663 0.008774
326 10.681181 672.020772 -2.079372 672.020772 2.109419 8241.159663 0.008774
327 10.681045 672.193799 -2.079373 672.193799 2.109418 8241.159663 0.008774
328 10.680908 672.367183 -2.079374 672.367183 2.109417 8241.159663 0.008774
329 10.680772 672.540926 -2.079375 672.540926 2.109415 8241.159663 0.008774
330 10.680635 672.715028 -2.079376 672.715028 2.109414 8241.159663 0.008774
331 10.680498 672.889490 -2.079377 672.889490 2.109413 8241.159663 0.008774
332 10.680361 673.064312 -2.079378 673.064312 2.109412 8241.159663 0.008774
333 10.680224 673.239494 -2.079379 673.239494 2.109411 8241.159663 0.008774
334 10.680086 673.415037 -2.079380 673.415037 2.109410 8241.159663 0.008774
335 10.679949 673.590941 -2.079381 673.590941 2.109409 8241.159663 0.008774
336 10.679811 673.767208 -2.079382 673.767208 2.109408 8241.159663 0.008774
337 10.679673 673.943837 -2.079383 673.943837 2.109407 8241.159663 0.008774
338 10.679535 674.120828 -2.079384 674.120828 2.109406 8241.159663 0.008774
339 10.679397 674.298183 -2.079385 674.298183 2.109405 8241.159663 0.008774
340 10.679259 674.475903 -2.079386 674.475903 2.109404 8241.159663 0.008774
341 10.679120 674.653986 -2.079387 674.653986 2.109403 8241.159663 0.008774
342 10.678981 674.832435 -2.079389 674.832435 2.109402 8241.159663 0.008774
343 10.678843 675.011249 -2.079390 675.011249 2.109401 8241.159663 0.008774
344 10.678704 675.190430 -2.079391 675.190430 2.109400 8241.159663 0.008774
345 10.678565 675.369977 -2.079392 675.369977 2.109398 8241.159663 0.008774
346 10.678425 675.549892 -2.079393 675.549892 2.109397 8241.159663 0.008774
347 10.678286 675.730175 -2.079394 675.730175 2.109396 8241.159663 0.008774
348 10.678146 675.910826 -2.079395 675.910826 2.109395 8241.159663 0.008774
349 10.678007 676.091847 -2.079396 676.091847 2.109394 8241.159663 0.008774
350 10.677867 676.273237 -2.079397 676.273237 2.109393 8241.159663 0.008774
351 10.677727 676.454998 -2.079398 676.454998 2.109392 8241.159663 0.008774
352 10.677587 676.637130 -2.079399 676.637130 2.109391 8241.159663 0.008774
353 10.677446 676.819634 -2.079400 676.819634 2.109390 8241.159663 0.008774
354 10.677306 677.002511 -2.079401 677.002511 2.109389 8241.159663 0.008774
355 10.677165 677.185761 -2.079403 677.185761 2.109388 8241.159663 0.008774
356 10.677024 677.369384 -2.079404 677.369384 2.109387 8241.159663 0.008774
357 10.676884 677.553382 -2.079405 677.553382 2.109386 8241.159663 0.008774
358 10.676743 677.737756 -2.079406 677.737756 2.109384 8241.159663 0.008774
359 10.676601 677.922505 -2.079407 677.922505 2.109383 8241.159663 0.008774
360 10.676460 678.107631 -2.079408 678.107631 2.109382 8241.159663 0.008774
361 10.676319 678.293135 -2.079409 678.293135 2.109381 8241.159663 0.008774
362 10.676177 678.479017 -2.079410 678.479017 2.109380 8241.159663 0.008774
363 10.676035 678.665278 -2.079411 678.665278 2.109379 8241.159663 0.008774
364 10.675893 678.851918 -2.079412 678.851918 2.109378 8241.159663 0.008774
365 10.675751 679.038940 -2.079413 679.038940 2.109377 8241.159663 0.008774
366 10.675609 679.226342 -2.079415 679.226342 2.109376 8241.159663 0.008774
367 10.675467 679.414127 -2.079416 679.414127 2.109375 8241.159663 0.008774
368 10.675324 679.602295 -2.079417 679.602295 2.109373 8241.159663 0.008774
369 10.675182 679.790847 -2.079418 679.790847 2.109372 8241.159663 0.008774
370 10.675039 679.979783 -2.079419 679.979783 2.109371 8241.159663 0.008774
371 10.674896 680.169105 -2.079420 680.169105 2.109370 8241.159663 0.008774
372 10.674753 680.358813 -2.079421 680.358813 2.109369 8241.159663 0.008774
373 10.674610 680.548909 -2.079422 680.548909 2.109368 8241.159663 0.008774
374 10.674466 680.739392 -2.079423 680.739392 2.109367 8241.159663 0.008774
375 10.674323 680.930265 -2.079424 680.930265 2.109366 8241.159663 0.008774
376 10.674179 681.121527 -2.079426 681.121527 2.109365 8241.159663 0.008774
377 10.674035 681.313181 -2.079427 681.313181 2.109364 8241.159663 0.008774
378 10.673891 681.505226 -2.079428 681.505226 2.109362 8241.159663 0.008774
379 10.673747 681.697664 -2.079429 681.697664 2.109361 8241.159663 0.008774
380 10.673603 681.890495 -2.079430 681.890495 2.109360 8241.159663 0.008774
381 10.673459 682.083721 -2.079431 682.083721 2.109359 8241.159663 0.008774
382 10.673314 682.277343 -2.079432 682.277343 2.109358 8241.159663 0.008774
383 10.673170 682.471361 -2.079433 682.471361 2.109357 8241.159663 0.008774
384 10.673025 682.665776 -2.079434 682.665776 2.109356 8241.159663 0.008774
385 10.672880 682.860591 -2.079436 682.860591 2.109355 8241.159663 0.008774
386 10.672735 683.055804 -2.079437 683.055804 2.109353 8241.159663 0.008774
387 10.672590 683.251419 -2.079438 683.251419 2.109352 8241.159663 0.008774
388 10.672444 683.447435 -2.079439 683.447435 2.109351 8241.159663 0.008774
389 10.672299 683.643853 -2.079440 683.643853 2.109350 8241.159663 0.008774
390 10.672153 683.840676 -2.079441 683.840676 2.109349 8241.159663 0.008774
391 10.672007 684.037903 -2.079442 684.037903 2.109348 8241.159663 0.008774
392 10.671862 684.235536 -2.079443 684.235536 2.109347 8241.159663 0.008774
393 10.671716 684.433576 -2.079445 684.433576 2.109346 8241.159663 0.008774
394 10.671569 684.632024 -2.079446 684.632024 2.109344 8241.159663 0.008774
395 10.671423 684.830881 -2.079447 684.830881 2.109343 8241.159663 0.008774
396 10.671277 685.030149 -2.079448 685.030149 2.109342 8241.159663 0.008774
397 10.671130 685.229828 -2.079449 685.229828 2.109341 8241.159663 0.008774
398 10.670983 685.429919 -2.079450 685.429919 2.109340 8241.159663 0.008774
399 10.670836 685.630425 -2.079451 685.630425 2.109339 8241.159663 0.008774
400 10.670689 685.831345 -2.079453 685.831345 2.109338 8241.159663 0.008774
401 10.670542 686.032681 -2.079454 686.032681 2.109337 8241.159663 0.008774
402 10.670395 686.234435 -2.079455 686.234435 2.109335 8241.159663 0.008774
403 10.670247 686.436608 -2.079456 686.436608 2.109334 8241.159663 0.008774
404 10.670100 686.639200 -2.079457 686.639200 2.109333 8241.159663 0.008774
405 10.669952 686.842213 -2.079458 686.842213 2.109332 8241.159663 0.008774
406 10.669804 687.045648 -2.079459 687.045648 2.109331 8241.159663 0.008774
407 10.669656 687.249507 -2.079461 687.249507 2.109330 8241.159663 0.008774
408 10.669508 687.453791 -2.079462 687.453791 2.109328 8241.159663 0.008774
409 10.669360 687.658501 -2.079463 687.658501 2.109327 8241.159663 0.008774
410 10.669211 687.863638 -2.079464 687.863638 2.109326 8241.159663 0.008774
411 10.669063 688.069204 -2.079465 688.069204 2.109325 8241.159663 0.008774
412 10.668914 688.275201 -2.079466 688.275201 2.109324 8241.159663 0.008774
413 10.668765 688.481628 -2.079467 688.481628 2.109323 8241.159663 0.008774
414 10.668616 688.688488 -2.079469 688.688488 2.109322 8241.159663 0.008774
415 10.668467 688.895783 -2.079470 688.895783 2.109320 8241.159663 0.008774
416 10.668318 689.103512 -2.079471 689.103512 2.109319 8241.159663 0.008774
417 10.668168 689.311679 -2.079472 689.311679 2.109318 8241.159663 0.008774
418 10.668019 689.520284 -2.079473 689.520284 2.109317 8241.159663 0.008774
419 10.667869 689.729329 -2.079474 689.729329 2.109316 8241.159663 0.008774
420 10.667719 689.938815 -2.079476 689.938815 2.109315 8241.159663 0.008774
421 10.667569 690.148743 -2.079477 690.148743 2.109313 8241.159663 0.008774
422 10.667419 690.359116 -2.079478 690.359116 2.109312 8241.159663 0.008774
423 10.667268 690.569934 -2.079479 690.569934 2.109311 8241.159663 0.008774
424 10.667118 690.781199 -2.079480 690.781199 2.109310 8241.159663 0.008774
425 10.666967 690.992912 -2.079481 690.992912 2.109309 8241.159663 0.008774
426 10.666817 691.205076 -2.079483 691.205076 2.109308 8241.159663 0.008774
427 10.666666 691.417691 -2.079484 691.417691 2.109306 8241.159663 0.008774
428 10.666515 691.630759 -2.079485 691.630759 2.109305 8241.159663 0.008774
429 10.666364 691.844282 -2.079486 691.844282 2.109304 8241.159663 0.008774
430 10.666212 692.058261 -2.079487 692.058261 2.109303 8241.159663 0.008774
431 10.666061 692.272699 -2.079488 692.272699 2.109302 8241.159663 0.008774
432 10.665909 692.487595 -2.079490 692.487595 2.109301 8241.159663 0.008774
433 10.665758 692.702953 -2.079491 692.702953 2.109299 8241.159663 0.008774
434 10.665606 692.918773 -2.079492 692.918773 2.109298 8241.159663 0.008774
435 10.665454 693.135058 -2.079493 693.135058 2.109297 8241.159663 0.008774
436 10.665302 693.351808 -2.079494 693.351808 2.109296 8241.159663 0.008774
437 10.665149 693.569027 -2.079496 693.569027 2.109295 8241.159663 0.008774
438 10.664997 693.786715 -2.079497 693.786715 2.109293 8241.159663 0.008774
439 10.664844 694.004873 -2.079498 694.004873 2.109292 8241.159663 0.008774
440 10.664691 694.223505 -2.079499 694.223505 2.109291 8241.159663 0.008774
441 10.664538 694.442612 -2.079500 694.442612 2.109290 8241.159663 0.008774
442 10.664385 694.662194 -2.079502 694.662194 2.109289 8241.159663 0.008774
443 10.664232 694.882255 -2.079503 694.882255 2.109287 8241.159663 0.008774
444 10.664079 695.102796 -2.079504 695.102796 2.109286 8241.159663 0.008774
445 10.663925 695.323818 -2.079505 695.323818 2.109285 8241.159663 0.008774
446 10.663772 695.545324 -2.079506 695.545324 2.109284 8241.159663 0.008774
447 10.663618 695.767315 -2.079508 695.767315 2.109283 8241.159663 0.008774
448 10.663464 695.989794 -2.079509 695.989794 2.109281 8241.159663 0.008774
449 10.663310 696.212761 -2.079510 696.212761 2.109280 8241.159663 0.008774
450 10.663156 696.436220 -2.079511 696.436220 2.109279 8241.159663 0.008774
451 10.663001 696.660172 -2.079512 696.660172 2.109278 8241.159663 0.008774
452 10.662847 696.884618 -2.079514 696.884618 2.109277 8241.159663 0.008774
453 10.662692 697.109561 -2.079515 697.109561 2.109275 8241.159663 0.008774
454 10.662537 697.335003 -2.079516 697.335003 2.109274 8241.159663 0.008774
455 10.662382 697.560946 -2.079517 697.560946 2.109273 8241.159663 0.008774
456 10.662227 697.787391 -2.079518 697.787391 2.109272 8241.159663 0.008774
457 10.662072 698.014341 -2.079520 698.014341 2.109271 8241.159663 0.008774
458 10.661916 698.241798 -2.079521 698.241798 2.109269 8241.159663 0.008774
459 10.661761 698.469763 -2.079522 698.469763 2.109268 8241.159663 0.008774
460 10.661605 698.698240 -2.079523 698.698240 2.109267 8241.159663 0.008774
461 10.661449 698.927229 -2.079524 698.927229 2.109266 8241.159663 0.008774
462 10.661293 699.156734 -2.079526 699.156734 2.109264 8241.159663 0.008774
463 10.661136 699.386755 -2.079527 699.386755 2.109263 8241.159663 0.008774
464 10.660980 699.617296 -2.079528 699.617296 2.109262 8241.159663 0.008774
465 10.660824 699.848359 -2.079529 699.848359 2.109261 8241.159663 0.008774
466 10.660667 700.079945 -2.079531 700.079945 2.109260 8241.159663 0.008774
467 10.660510 700.312057 -2.079532 700.312057 2.109258 8241.159663 0.008774
468 10.660353 700.544697 -2.079533 700.544697 2.109257 8241.159663 0.008774
469 10.660196 700.777867 -2.079534 700.777867 2.109256 8241.159663 0.008774
470 10.660038 701.011570 -2.079536 701.011570 2.109255 8241.159663 0.008774
471 10.659881 701.245808 -2.079537 701.245808 2.109253 8241.159663 0.008774
472 10.659723 701.480583 -2.079538 701.480583 2.109252 8241.159663 0.008774
473 10.659565 701.715898 -2.079539 701.715898 2.109251 8241.159663 0.008774
474 10.659407 701.951754 -2.079541 701.951754 2.109250 8241.159663 0.008774
475 10.659249 702.188155 -2.079542 702.188155 2.109248 8241.159663 0.008774
476 10.659091 702.425102 -2.079543 702.425102 2.109247 8241.159663 0.008774
477 10.658932 702.662598 -2.079544 702.662598 2.109246 8241.159663 0.008774
478 10.658774 702.900646 -2.079545 702.900646 2.109245 8241.159663 0.008774
479 10.658615 703.139248 -2.079547 703.139248 2.109243 8241.159663 0.008774
480 10.658456 703.378405 -2.079548 703.378405 2.109242 8241.159663 0.008774
481 10.658297 703.618122 -2.079549 703.618122 2.109241 8241.159663 0.008774
482 10.658138 703.858400 -2.079550 703.858400 2.109240 8241.159663 0.008774
483 10.657978 704.099242 -2.079552 704.099242 2.109238 8241.159663 0.008774
484 10.657818 704.340651 -2.079553 704.340651 2.109237 8241.159663 0.008774
485 10.657659 704.582628 -2.079554 704.582628 2.109236 8241.159663 0.008774
486 10.657499 704.825177 -2.079556 704.825177 2.109235 8241.159663 0.008774
487 10.657338 705.068301 -2.079557 705.068301 2.109233 8241.159663 0.008774
488 10.657178 705.312001 -2.079558 705.312001 2.109232 8241.159663 0.008774
489 10.657018 705.556281 -2.079559 705.556281 2.109231 8241.159663 0.008774
490 10.656857 705.801143 -2.079561 705.801143 2.109230 8241.159663 0.008774
491 10.656696 706.046591 -2.079562 706.046591 2.109228 8241.159663 0.008774
492 10.656535 706.292626 -2.079563 706.292626 2.109227 8241.159663 0.008774
493 10.656374 706.539252 -2.079564 706.539252 2.109226 8241.159663 0.008774
494 10.656213 706.786471 -2.079566 706.786471 2.109225 8241.159663 0.008774
495 10.656051 707.034286 -2.079567 707.034286 2.109223 8241.159663 0.008774
496 10.655889 707.282700 -2.079568 707.282700 2.109222 8241.159663 0.008774
497 10.655727 707.531717 -2.079569 707.531717 2.109221 8241.159663 0.008774
498 10.655565 707.781338 -2.079571 707.781338 2.109219 8241.159663 0.008774
499 10.655403 708.031567 -2.079572 708.031567 2.109218 8241.159663 0.008774
500 10.655241 708.282407 -2.079573 708.282407 2.109217 8241.159663 0.008774
501 10.655078 708.533860 -2.079575 708.533860 2.109216 8241.159663 0.008774
502 10.654915 708.785931 -2.079576 708.785931 2.109214 8241.159663 0.008774
503 10.654752 709.038621 -2.079577 709.038621 2.109213 8241.159663 0.008774
504 10.654589 709.291934 -2.079578 709.291934 2.109212 8241.159663 0.008774
505 10.654426 709.545872 -2.079580 709.545872 2.109210 8241.159663 0.008774
506 10.654262 709.800440 -2.079581 709.800440 2.109209 8241.159663 0.008774
507 10.654099 710.055640 -2.079582 710.055640 2.109208 8241.159663 0.008774
508 10.653935 710.311476 -2.079584 710.311476 2.109207 8241.159663 0.008774
509 10.653771 710.567950 -2.079585 710.567950 2.109205 8241.159663 0.008774
510 10.653607 710.825066 -2.079586 710.825066 2.109204 8241.159663 0.008774
511 10.653442 711.082828 -2.079588 711.082828 2.109203 8241.159663 0.008774
512 10.653278 711.341237 -2.079589 711.341237 2.109201 8241.159663 0.008774
513 10.653113 711.600299 -2.079590 711.600299 2.109200 8241.159663 0.008774
514 10.652948 711.860016 -2.079591 711.860016 2.109199 8241.159663 0.008774
515 10.652782 712.120391 -2.079593 712.120391 2.109197 8241.159663 0.008774
516 10.652617 712.381428 -2.079594 712.381428 2.109196 8241.159663 0.008774
517 10.652451 712.643131 -2.079595 712.643131 2.109195 8241.159663 0.008774
518 10.652286 712.905502 -2.079597 712.905502 2.109193 8241.159663 0.008774
519 10.652120 713.168546 -2.079598 713.168546 2.109192 8241.159663 0.008774
520 10.651954 713.432266 -2.079599 713.432266 2.109191 8241.159663 0.008774
521 10.651787 713.696666 -2.079601 713.696666 2.109190 8241.159663 0.008774
522 10.651621 713.961749 -2.079602 713.961749 2.109188 8241.159663 0.008774
523 10.651454 714.227519 -2.079603 714.227519 2.109187 8241.159663 0.008774
524 10.651287 714.493979 -2.079605 714.493979 2.109186 8241.159663 0.008774
525 10.651120 714.761134 -2.079606 714.761134 2.109184 8241.159663 0.008774
526 10.650952 715.028987 -2.079607 715.028987 2.109183 8241.159663 0.008774
527 10.650785 715.297541 -2.079609 715.297541 2.109182 8241.159663 0.008774
528 10.650617 715.566802 -2.079610 715.566802 2.109180 8241.159663 0.008774
529 10.650449 715.836772 -2.079611 715.836772 2.109179 8241.159663 0.008774
530 10.650281 716.107455 -2.079613 716.107455 2.109178 8241.159663 0.008774
531 10.650112 716.378856 -2.079614 716.378856 2.109176 8241.159663 0.008774
532 10.649944 716.650979 -2.079615 716.650979 2.109175 8241.159663 0.008774
533 10.649775 716.923827 -2.079617 716.923827 2.109173 8241.159663 0.008774
534 10.649606 717.197404 -2.079618 717.197404 2.109172 8241.159663 0.008774
535 10.649437 717.471715 -2.079619 717.471715 2.109171 8241.159663 0.008774
536 10.649267 717.746764 -2.079621 717.746764 2.109169 8241.159663 0.008774
537 10.649097 718.022555 -2.079622 718.022555 2.109168 8241.159663 0.008774
538 10.648928 718.299092 -2.079623 718.299092 2.109167 8241.159663 0.008774
539 10.648757 718.576379 -2.079625 718.576379 2.109165 8241.159663 0.008774
540 10.648587 718.854422 -2.079626 718.854422 2.109164 8241.159663 0.008774
541 10.648417 719.133223 -2.079628 719.133223 2.109163 8241.159663 0.008774
542 10.648246 719.412788 -2.079629 719.412788 2.109161 8241.159663 0.008774
543 10.648075 719.693121 -2.079630 719.693121 2.109160 8241.159663 0.008774
544 10.647904 719.974226 -2.079632 719.974226 2.109159 8241.159663 0.008774
545 10.647732 720.256108 -2.079633 720.256108 2.109157 8241.159663 0.008774
546 10.647560 720.538772 -2.079634 720.538772 2.109156 8241.159663 0.008774
547 10.647389 720.822222 -2.079636 720.822222 2.109154 8241.159663 0.008774
548 10.647216 721.106463 -2.079637 721.106463 2.109153 8241.159663 0.008774
549 10.647044 721.391499 -2.079639 721.391499 2.109152 8241.159663 0.008774
550 10.646872 721.677336 -2.079640 721.677336 2.109150 8241.159663 0.008774
551 10.646699 721.963977 -2.079641 721.963977 2.109149 8241.159663 0.008774
552 10.646526 722.251429 -2.079643 722.251429 2.109148 8241.159663 0.008774
553 10.646352 722.539695 -2.079644 722.539695 2.109146 8241.159663 0.008774
554 10.646179 722.828781 -2.079645 722.828781 2.109145 8241.159663 0.008774
555 10.646005 723.118692 -2.079647 723.118692 2.109143 8241.159663 0.008774
556 10.645831 723.409433 -2.079648 723.409433 2.109142 8241.159663 0.008774
557 10.645657 723.701008 -2.079650 723.701008 2.109141 8241.159663 0.008774
558 10.645482 723.993424 -2.079651 723.993424 2.109139 8241.159663 0.008774
559 10.645308 724.286685 -2.079652 724.286685 2.109138 8241.159663 0.008774
560 10.645133 724.580796 -2.079654 724.580796 2.109136 8241.159663 0.008774
561 10.644957 724.875764 -2.079655 724.875764 2.109135 8241.159663 0.008774
562 10.644782 725.171593 -2.079657 725.171593 2.109134 8241.159663 0.008774
563 10.644606 725.468288 -2.079658 725.468288 2.109132 8241.159663 0.008774
564 10.644430 725.765855 -2.079659 725.765855 2.109131 8241.159663 0.008774
565 10.644254 726.064301 -2.079661 726.064301 2.109129 8241.159663 0.008774
566 10.644077 726.363629 -2.079662 726.363629 2.109128 8241.159663 0.008774
567 10.643901 726.663847 -2.079664 726.663847 2.109126 8241.159663 0.008774
568 10.643724 726.964959 -2.079665 726.964959 2.109125 8241.159663 0.008774
569 10.643546 727.266971 -2.079667 727.266971 2.109124 8241.159663 0.008774
570 10.643369 727.569890 -2.079668 727.569890 2.109122 8241.159663 0.008774
571 10.643191 727.873721 -2.079669 727.873721 2.109121 8241.159663 0.008774
572 10.643013 728.178471 -2.079671 728.178471 2.109119 8241.159663 0.008774
573 10.642835 728.484144 -2.079672 728.484144 2.109118 8241.159663 0.008774
574 10.642656 728.790748 -2.079674 728.790748 2.109116 8241.159663 0.008774
575 10.642477 729.098288 -2.079675 729.098288 2.109115 8241.159663 0.008774
576 10.642298 729.406771 -2.079677 729.406771 2.109114 8241.159663 0.008774
577 10.642119 729.716203 -2.079678 729.716203 2.109112 8241.159663 0.008774
578 10.641939 730.026590 -2.079680 730.026590 2.109111 8241.159663 0.008774
579 10.641759 730.337939 -2.079681 730.337939 2.109109 8241.159663 0.008774
580 10.641579 730.650256 -2.079682 730.650256 2.109108 8241.159663 0.008774
581 10.641398 730.963548 -2.079684 730.963548 2.109106 8241.159663 0.008774
582 10.641217 731.277822 -2.079685 731.277822 2.109105 8241.159663 0.008774
583 10.641036 731.593084 -2.079687 731.593084 2.109103 8241.159663 0.008774
584 10.640855 731.909341 -2.079688 731.909341 2.109102 8241.159663 0.008774
585 10.640673 732.226599 -2.079690 732.226599 2.109100 8241.159663 0.008774
586 10.640491 732.544867 -2.079691 732.544867 2.109099 8241.159663 0.008774
587 10.640309 732.864150 -2.079693 732.864150 2.109097 8241.159663 0.008774
588 10.640126 733.184457 -2.079694 733.184457 2.109096 8241.159663 0.008774
589 10.639943 733.505793 -2.079696 733.505793 2.109095 8241.159663 0.008774
590 10.639760 733.828167 -2.079697 733.828167 2.109093 8241.159663 0.008774
591 10.639577 734.151586 -2.079699 734.151586 2.109092 8241.159663 0.008774
592 10.639393 734.476057 -2.079700 734.476057 2.109090 8241.159663 0.008774
593 10.639209 734.801587 -2.079702 734.801587 2.109089 8241.159663 0.008774
594 10.639024 735.128185 -2.079703 735.128185 2.109087 8241.159663 0.008774
595 10.638840 735.455858 -2.079705 735.455858 2.109086 8241.159663 0.008774
596 10.638655 735.784614 -2.079706 735.784614 2.109084 8241.159663 0.008774
597 10.638469 736.114460 -2.079708 736.114460 2.109083 8241.159663 0.008774
598 10.638284 736.445405 -2.079709 736.445405 2.109081 8241.159663 0.008774
599 10.638098 736.777457 -2.079711 736.777457 2.109080 8241.159663 0.008774
600 10.637911 737.110623 -2.079712 737.110623 2.109078 8241.159663 0.008774
601 10.637725 737.444913 -2.079714 737.444913 2.109077 8241.159663 0.008774
602 10.637538 737.780334 -2.079715 737.780334 2.109075 8241.159663 0.008774
603 10.637350 738.116895 -2.079717 738.116895 2.109073 8241.159663 0.008774
604 10.637163 738.454604 -2.079718 738.454604 2.109072 8241.159663 0.008774
605 10.636975 738.793471 -2.079720 738.793471 2.109070 8241.159663 0.008774
606 10.636786 739.133503 -2.079721 739.133503 2.109069 8241.159663 0.008774
607 10.636598 739.474710 -2.079723 739.474710 2.109067 8241.159663 0.008774
608 10.636409 739.817100 -2.079724 739.817100 2.109066 8241.159663 0.008774
609 10.636219 740.160683 -2.079726 740.160683 2.109064 8241.159663 0.008774
610 10.636030 740.505469 -2.079727 740.505469 2.109063 8241.159663 0.008774
611 10.635840 740.851465 -2.079729 740.851465 2.109061 8241.159663 0.008774
612 10.635649 741.198682 -2.079731 741.198682 2.109060 8241.159663 0.008774
613 10.635458 741.547129 -2.079732 741.547129 2.109058 8241.159663 0.008774
614 10.635267 741.896815 -2.079734 741.896815 2.109057 8241.159663 0.008774
615 10.635076 742.247752 -2.079735 742.247752 2.109055 8241.159663 0.008774
616 10.634884 742.599947 -2.079737 742.599947 2.109053 8241.159663 0.008774
617 10.634692 742.953412 -2.079738 742.953412 2.109052 8241.159663 0.008774
618 10.634499 743.308157 -2.079740 743.308157 2.109050 8241.159663 0.008774
619 10.634306 743.664191 -2.079742 743.664191 2.109049 8241.159663 0.008774
620 10.634113 744.021526 -2.079743 744.021526 2.109047 8241.159663 0.008774
621 10.633919 744.380171 -2.079745 744.380171 2.109046 8241.159663 0.008774
622 10.633725 744.740138 -2.079746 744.740138 2.109044 8241.159663 0.008774
623 10.633531 745.101437 -2.079748 745.101437 2.109042 8241.159663 0.008774
624 10.633336 745.464079 -2.079749 745.464079 2.109041 8241.159663 0.008774
625 10.633140 745.828075 -2.079751 745.828075 2.109039 8241.159663 0.008774
626 10.632945 746.193437 -2.079753 746.193437 2.109038 8241.159663 0.008774
627 10.632749 746.560176 -2.079754 746.560176 2.109036 8241.159663 0.008774
628 10.632552 746.928303 -2.079756 746.928303 2.109034 8241.159663 0.008774
629 10.632355 747.297830 -2.079758 747.297830 2.109033 8241.159663 0.008774
630 10.632158 747.668768 -2.079759 747.668768 2.109031 8241.159663 0.008774
631 10.631960 748.041131 -2.079761 748.041131 2.109029 8241.159663 0.008774
632 10.631762 748.414929 -2.079762 748.414929 2.109028 8241.159663 0.008774
633 10.631563 748.790176 -2.079764 748.790176 2.109026 8241.159663 0.008774
634 10.631364 749.166884 -2.079766 749.166884 2.109025 8241.159663 0.008774
635 10.631165 749.545065 -2.079767 749.545065 2.109023 8241.159663 0.008774
636 10.630965 749.924732 -2.079769 749.924732 2.109021 8241.159663 0.008774
637 10.630765 750.305898 -2.079771 750.305898 2.109020 8241.159663 0.008774
638 10.630564 750.688577 -2.079772 750.688577 2.109018 8241.159663 0.008774
639 10.630363 751.072781 -2.079774 751.072781 2.109016 8241.159663 0.008774
640 10.630161 751.458525 -2.079776 751.458525 2.109015 8241.159663 0.008774
641 10.629959 751.845822 -2.079777 751.845822 2.109013 8241.159663 0.008774
642 10.629757 752.234685 -2.079779 752.234685 2.109011 8241.159663 0.008774
643 10.629554 752.625130 -2.079781 752.625130 2.109010 8241.159663 0.008774
644 10.629350 753.017170 -2.079782 753.017170 2.109008 8241.159663 0.008774
645 10.629146 753.410819 -2.079784 753.410819 2.109006 8241.159663 0.008774
646 10.628942 753.806094 -2.079786 753.806094 2.109005 8241.159663 0.008774
647 10.628737 754.203007 -2.079787 754.203007 2.109003 8241.159663 0.008774
648 10.628531 754.601576 -2.079789 754.601576 2.109001 8241.159663 0.008774
649 10.628326 755.001814 -2.079791 755.001814 2.109000 8241.159663 0.008774
650 10.628119 755.403738 -2.079792 755.403738 2.108998 8241.159663 0.008774
651 10.627912 755.807364 -2.079794 755.807364 2.108996 8241.159663 0.008774
652 10.627705 756.212707 -2.079796 756.212707 2.108994 8241.159663 0.008774
653 10.627497 756.619783 -2.079797 756.619783 2.108993 8241.159663 0.008774
654 10.627289 757.028610 -2.079799 757.028610 2.108991 8241.159663 0.008774
655 10.627080 757.439204 -2.079801 757.439204 2.108989 8241.159663 0.008774
656 10.626870 757.851582 -2.079803 757.851582 2.108988 8241.159663 0.008774
657 10.626661 758.265762 -2.079804 758.265762 2.108986 8241.159663 0.008774
658 10.626450 758.681761 -2.079806 758.681761 2.108984 8241.159663 0.008774
659 10.626239 759.099596 -2.079808 759.099596 2.108982 8241.159663 0.008774
660 10.626028 759.519286 -2.079810 759.519286 2.108981 8241.159663 0.008774
661 10.625815 759.940849 -2.079811 759.940849 2.108979 8241.159663 0.008774
662 10.625603 760.364304 -2.079813 760.364304 2.108977 8241.159663 0.008774
663 10.625390 760.789670 -2.079815 760.789670 2.108975 8241.159663 0.008774
664 10.625176 761.216966 -2.079817 761.216966 2.108974 8241.159663 0.008774
665 10.624961 761.646212 -2.079818 761.646212 2.108972 8241.159663 0.008774
666 10.624746 762.077427 -2.079820 762.077427 2.108970 8241.159663 0.008774
667 10.624531 762.510632 -2.079822 762.510632 2.108968 8241.159663 0.008774
668 10.624315 762.945846 -2.079824 762.945846 2.108966 8241.159663 0.008774
669 10.624098 763.383092 -2.079826 763.383092 2.108965 8241.159663 0.008774
670 10.623881 763.822390 -2.079827 763.822390 2.108963 8241.159663 0.008774
671 10.623663 764.263761 -2.079829 764.263761 2.108961 8241.159663 0.008774
672 10.623445 764.707228 -2.079831 764.707228 2.108959 8241.159663 0.008774
673 10.623225 765.152812 -2.079833 765.152812 2.108957 8241.159663 0.008774
674 10.623006 765.600536 -2.079835 765.600536 2.108956 8241.159663 0.008774
675 10.622785 766.050424 -2.079837 766.050424 2.108954 8241.159663 0.008774
676 10.622564 766.502498 -2.079838 766.502498 2.108952 8241.159663 0.008774
677 10.622343 766.956782 -2.079840 766.956782 2.108950 8241.159663 0.008774
678 10.622120 767.413300 -2.079842 767.413300 2.108948 8241.159663 0.008774
679 10.621897 767.872078 -2.079844 767.872078 2.108946 8241.159663 0.008774
680 10.621674 768.333139 -2.079846 768.333139 2.108944 8241.159663 0.008774
681 10.621449 768.796509 -2.079848 768.796509 2.108943 8241.159663 0.008774
682 10.621224 769.262215 -2.079850 769.262215 2.108941 8241.159663 0.008774
683 10.620999 769.730281 -2.079851 769.730281 2.108939 8241.159663 0.008774
684 10.620772 770.200736 -2.079853 770.200736 2.108937 8241.159663 0.008774
685 10.620545 770.673606 -2.079855 770.673606 2.108935 8241.159663 0.008774
686 10.620317 771.148918 -2.079857 771.148918 2.108933 8241.159663 0.008774
687 10.620089 771.626702 -2.079859 771.626702 2.108931 8241.159663 0.008774
688 10.619860 772.106986 -2.079861 772.106986 2.108929 8241.159663 0.008774
689 10.619630 772.589799 -2.079863 772.589799 2.108927 8241.159663 0.008774
690 10.619399 773.075170 -2.079865 773.075170 2.108925 8241.159663 0.008774
691 10.619167 773.563131 -2.079867 773.563131 2.108924 8241.159663 0.008774
692 10.618935 774.053711 -2.079869 774.053711 2.108922 8241.159663 0.008774
693 10.618702 774.546943 -2.079871 774.546943 2.108920 8241.159663 0.008774
694 10.618468 775.042858 -2.079873 775.042858 2.108918 8241.159663 0.008774
695 10.618233 775.541489 -2.079874 775.541489 2.108916 8241.159663 0.008774
696 10.617998 776.042869 -2.079876 776.042869 2.108914 8241.159663 0.008774
697 10.617762 776.547032 -2.079878 776.547032 2.108912 8241.159663 0.008774
698 10.617525 777.054013 -2.079880 777.054013 2.108910 8241.159663 0.008774
699 10.617287 777.563846 -2.079882 777.563846 2.108908 8241.159663 0.008774
700 10.617048 778.076568 -2.079884 778.076568 2.108906 8241.159663 0.008774
701 10.616809 778.592215 -2.079886 778.592215 2.108904 8241.159663 0.008774
702 10.616568 779.110824 -2.079888 779.110824 2.108902 8241.159663 0.008774
703 10.616327 779.632434 -2.079890 779.632434 2.108900 8241.159663 0.008774
704 10.616085 780.157082 -2.079892 780.157082 2.108898 8241.159663 0.008774
705 10.615841 780.684810 -2.079895 780.684810 2.108896 8241.159663 0.008774
706 10.615597 781.215656 -2.079897 781.215656 2.108894 8241.159663 0.008774
707 10.615352 781.749663 -2.079899 781.749663 2.108892 8241.159663 0.008774
708 10.615107 782.286872 -2.079901 782.286872 2.108890 8241.159663 0.008774
709 10.614860 782.827326 -2.079903 782.827326 2.108887 8241.159663 0.008774
710 10.614612 783.371069 -2.079905 783.371069 2.108885 8241.159663 0.008774
711 10.614363 783.918146 -2.079907 783.918146 2.108883 8241.159663 0.008774
712 10.614113 784.468602 -2.079909 784.468602 2.108881 8241.159663 0.008774
713 10.613863 785.022483 -2.079911 785.022483 2.108879 8241.159663 0.008774
714 10.613611 785.579839 -2.079913 785.579839 2.108877 8241.159663 0.008774
715 10.613358 786.140716 -2.079915 786.140716 2.108875 8241.159663 0.008774
716 10.613104 786.705166 -2.079918 786.705166 2.108873 8241.159663 0.008774
717 10.612850 787.273238 -2.079920 787.273238 2.108871 8241.159663 0.008774
718 10.612594 787.844984 -2.079922 787.844984 2.108868 8241.159663 0.008774
719 10.612337 788.420459 -2.079924 788.420459 2.108866 8241.159663 0.008774
720 10.612078 788.999715 -2.079926 788.999715 2.108864 8241.159663 0.008774
721 10.611819 789.582810 -2.079928 789.582810 2.108862 8241.159663 0.008774
722 10.611559 790.169798 -2.079931 790.169798 2.108860 8241.159663 0.008774
723 10.611297 790.760739 -2.079933 790.760739 2.108857 8241.159663 0.008774
724 10.611035 791.355691 -2.079935 791.355691 2.108855 8241.159663 0.008774
725 10.610771 791.954717 -2.079937 791.954717 2.108853 8241.159663 0.008774
726 10.610506 792.557877 -2.079939 792.557877 2.108851 8241.159663 0.008774
727 10.610240 793.165236 -2.079942 793.165236 2.108849 8241.159663 0.008774
728 10.609972 793.776859 -2.079944 793.776859 2.108846 8241.159663 0.008774
729 10.609703 794.392812 -2.079946 794.392812 2.108844 8241.159663 0.008774
730 10.609433 795.013166 -2.079949 795.013166 2.108842 8241.159663 0.008774
731 10.609162 795.637988 -2.079951 795.637988 2.108839 8241.159663 0.008774
732 10.608889 796.267352 -2.079953 796.267352 2.108837 8241.159663 0.008774
733 10.608615 796.901331 -2.079955 796.901331 2.108835 8241.159663 0.008774
734 10.608340 797.540001 -2.079958 797.540001 2.108832 8241.159663 0.008774
735 10.608063 798.183439 -2.079960 798.183439 2.108830 8241.159663 0.008774
736 10.607785 798.831725 -2.079962 798.831725 2.108828 8241.159663 0.008774
737 10.607505 799.484941 -2.079965 799.484941 2.108825 8241.159663 0.008774
738 10.607224 800.143169 -2.079967 800.143169 2.108823 8241.159663 0.008774
739 10.606942 800.806496 -2.079970 800.806496 2.108821 8241.159663 0.008774
740 10.606658 801.475011 -2.079972 801.475011 2.108818 8241.159663 0.008774
741 10.606372 802.148803 -2.079974 802.148803 2.108816 8241.159663 0.008774
742 10.606085 802.827966 -2.079977 802.827966 2.108813 8241.159663 0.008774
743 10.605797 803.512596 -2.079979 803.512596 2.108811 8241.159663 0.008774
744 10.605507 804.202791 -2.079982 804.202791 2.108808 8241.159663 0.008774
745 10.605215 804.898651 -2.079984 804.898651 2.108806 8241.159663 0.008774
746 10.604921 805.600281 -2.079987 805.600281 2.108803 8241.159663 0.008774
747 10.604626 806.307787 -2.079989 806.307787 2.108801 8241.159663 0.008774
748 10.604329 807.021280 -2.079992 807.021280 2.108798 8241.159663 0.008774
749 10.604030 807.740873 -2.079994 807.740873 2.108796 8241.159663 0.008774
750 10.603730 808.466682 -2.079997 808.466682 2.108793 8241.159663 0.008774
751 10.603427 809.198827 -2.079999 809.198827 2.108791 8241.159663 0.008774
752 10.603123 809.937431 -2.080002 809.937431 2.108788 8241.159663 0.008774
753 10.602817 810.682623 -2.080005 810.682623 2.108786 8241.159663 0.008774
754 10.602509 811.434533 -2.080007 811.434533 2.108783 8241.159663 0.008774
755 10.602199 812.193296 -2.080010 812.193296 2.108780 8241.159663 0.008774
756 10.601887 812.959052 -2.080013 812.959052 2.108778 8241.159663 0.008774
757 10.601573 813.731946 -2.080015 813.731946 2.108775 8241.159663 0.008774
758 10.601257 814.512125 -2.080018 814.512125 2.108772 8241.159663 0.008774
759 10.600939 815.299744 -2.080021 815.299744 2.108770 8241.159663 0.008774
760 10.600619 816.094960 -2.080023 816.094960 2.108767 8241.159663 0.008774
761 10.600296 816.897937 -2.080026 816.897937 2.108764 8241.159663 0.008774
762 10.599971 817.708846 -2.080029 817.708846 2.108761 8241.159663 0.008774
763 10.599644 818.527860 -2.080032 818.527860 2.108758 8241.159663 0.008774
764 10.599314 819.355162 -2.080035 819.355162 2.108756 8241.159663 0.008774
765 10.598982 820.190938 -2.080037 820.190938 2.108753 8241.159663 0.008774
766 10.598648 821.035382 -2.080040 821.035382 2.108750 8241.159663 0.008774
767 10.598311 821.888696 -2.080043 821.888696 2.108747 8241.159663 0.008774
768 10.597971 822.751087 -2.080046 822.751087 2.108744 8241.159663 0.008774
769 10.597629 823.622772 -2.080049 823.622772 2.108741 8241.159663 0.008774
770 10.597284 824.503975 -2.080052 824.503975 2.108738 8241.159663 0.008774
771 10.596937 825.394927 -2.080055 825.394927 2.108735 8241.159663 0.008774
772 10.596586 826.295871 -2.080058 826.295871 2.108732 8241.159663 0.008774
773 10.596233 827.207057 -2.080061 827.207057 2.108729 8241.159663 0.008774
774 10.595876 828.128745 -2.080064 828.128745 2.108726 8241.159663 0.008774
775 10.595517 829.061207 -2.080067 829.061207 2.108723 8241.159663 0.008774
776 10.595154 830.004723 -2.080070 830.004723 2.108720 8241.159663 0.008774
777 10.594789 830.959587 -2.080073 830.959587 2.108717 8241.159663 0.008774
778 10.594420 831.926105 -2.080076 831.926105 2.108714 8241.159663 0.008774
779 10.594047 832.904594 -2.080080 832.904594 2.108711 8241.159663 0.008774
780 10.593671 833.895388 -2.080083 833.895388 2.108707 8241.159663 0.008774
781 10.593292 834.898832 -2.080086 834.898832 2.108704 8241.159663 0.008774
782 10.592909 835.915287 -2.080089 835.915287 2.108701 8241.159663 0.008774
783 10.592522 836.945133 -2.080093 836.945133 2.108698 8241.159663 0.008774
784 10.592131 837.988763 -2.080096 837.988763 2.108694 8241.159663 0.008774
785 10.591736 839.046592 -2.080099 839.046592 2.108691 8241.159663 0.008774
786 10.591337 840.119051 -2.080103 840.119051 2.108687 8241.159663 0.008774
787 10.590934 841.206596 -2.080106 841.206596 2.108684 8241.159663 0.008774
788 10.590527 842.309700 -2.080110 842.309700 2.108680 8241.159663 0.008774
789 10.590115 843.428864 -2.080113 843.428864 2.108677 8241.159663 0.008774
790 10.589698 844.564611 -2.080117 844.564611 2.108673 8241.159663 0.008774
791 10.589277 845.717493 -2.080120 845.717493 2.108670 8241.159663 0.008774
792 10.588851 846.888090 -2.080124 846.888090 2.108666 8241.159663 0.008774
793 10.588419 848.077013 -2.080128 848.077013 2.108662 8241.159663 0.008774
794 10.587983 849.284905 -2.080132 849.284905 2.108659 8241.159663 0.008774
795 10.587541 850.512447 -2.080135 850.512447 2.108655 8241.159663 0.008774
796 10.587093 851.760355 -2.080139 851.760355 2.108651 8241.159663 0.008774
797 10.586639 853.029390 -2.080143 853.029390 2.108647 8241.159663 0.008774
798 10.586179 854.320356 -2.080147 854.320356 2.108643 8241.159663 0.008774
799 10.585713 855.634103 -2.080151 855.634103 2.108639 8241.159663 0.008774
800 10.585241 856.971537 -2.080155 856.971537 2.108635 8241.159663 0.008774
801 10.584762 858.333618 -2.080159 858.333618 2.108631 8241.159663 0.008774
802 10.584275 859.721368 -2.080163 859.721368 2.108627 8241.159663 0.008774
803 10.583782 861.135877 -2.080168 861.135877 2.108623 8241.159663 0.008774
804 10.583280 862.578308 -2.080172 862.578308 2.108618 8241.159663 0.008774
805 10.582771 864.049901 -2.080176 864.049901 2.108614 8241.159663 0.008774
806 10.582253 865.551987 -2.080181 865.551987 2.108609 8241.159663 0.008774
807 10.581726 867.085991 -2.080185 867.085991 2.108605 8241.159663 0.008774
808 10.581191 868.653444 -2.080190 868.653444 2.108600 8241.159663 0.008774
809 10.580646 870.255993 -2.080195 870.255993 2.108596 8241.159663 0.008774
810 10.580091 871.895414 -2.080199 871.895414 2.108591 8241.159663 0.008774
811 10.579525 873.573625 -2.080204 873.573625 2.108586 8241.159663 0.008774
812 10.578948 875.292704 -2.080209 875.292704 2.108581 8241.159663 0.008774
813 10.578360 877.054904 -2.080214 877.054904 2.108576 8241.159663 0.008774
814 10.577759 878.862676 -2.080219 878.862676 2.108571 8241.159663 0.008774
815 10.577145 880.718693 -2.080225 880.718693 2.108566 8241.159663 0.008774
816 10.576517 882.625880 -2.080230 882.625880 2.108560 8241.159663 0.008774
817 10.575875 884.587440 -2.080235 884.587440 2.108555 8241.159663 0.008774
818 10.575218 886.606902 -2.080241 886.606902 2.108549 8241.159663 0.008774
819 10.574543 888.688157 -2.080247 888.688157 2.108543 8241.159663 0.008774
820 10.573852 890.835517 -2.080253 890.835517 2.108537 8241.159663 0.008774
821 10.573141 893.053774 -2.080259 893.053774 2.108531 8241.159663 0.008774
822 10.572410 895.348280 -2.080265 895.348280 2.108525 8241.159663 0.008774
823 10.571657 897.725036 -2.080272 897.725036 2.108519 8241.159663 0.008774
824 10.570881 900.190806 -2.080278 900.190806 2.108512 8241.159663 0.008774
825 10.570079 902.753247 -2.080285 902.753247 2.108505 8241.159663 0.008774
826 10.569250 905.421087 -2.080292 905.421087 2.108498 8241.159663 0.008774
827 10.568390 908.204328 -2.080299 908.204328 2.108491 8241.159663 0.008774
828 10.567497 911.114517 -2.080307 911.114517 2.108483 8241.159663 0.008774
829 10.566568 914.165083 -2.080315 914.165083 2.108475 8241.159663 0.008774
830 10.565598 917.371782 -2.080323 917.371782 2.108467 8241.159663 0.008774
831 10.564583 920.753268 -2.080332 920.753268 2.108459 8241.159663 0.008774
832 10.563517 924.331873 -2.080341 924.331873 2.108450 8241.159663 0.008774
833 10.562393 928.134651 -2.080350 928.134651 2.108440 8241.159663 0.008774
834 10.561204 932.194840 -2.080360 932.194840 2.108430 8241.159663 0.008774
835 10.559938 936.553936 -2.080371 936.553936 2.108419 8241.159663 0.008774
836 10.558583 941.264732 -2.080382 941.264732 2.108408 8241.159663 0.008774
837 10.557123 946.395906 -2.080394 946.395906 2.108396 8241.159663 0.008774
838 10.555534 952.039245 -2.080408 952.039245 2.108383 8241.159663 0.008774
