20 10.707180 635.951880 -2.079122 635.951880 2.109668 8241.159663 0.008774
21 10.707180 635.966959 -2.079122 635.966959 2.109668 8241.159663 0.008774
22 10.707179 635.983321 -2.079122 635.983321 2.109668 8241.159663 0.008774
23 10.707177 636.000982 -2.079123 636.000982 2.109668 8241.159663 0.008774
24 10.707176 636.019958 -2.079123 636.019958 2.109668 8241.159663 0.008774
25 10.707174 636.040262 -2.079123 636.040262 2.109667 8241.159663 0.008774
26 10.707172 636.061903 -2.079123 636.061903 2.109667 8241.159663 0.008774
27 10.707170 636.084889 -2.079123 636.084889 2.109667 8241.159663 0.008774
28 10.707167 636.109227 -2.079123 636.109227 2.109667 8241.159663 0.008774
29 10.707164 636.134920 -2.079123 636.134920 2.109667 8241.159663 0.008774
30 10.707161 636.161970 -2.079124 636.161970 2.109667 8241.159663 0.008774
31 10.707157 636.190377 -2.079124 636.190377 2.109667 8241.159663 0.008774
32 10.707153 636.220139 -2.079124 636.220139 2.109666 8241.159663 0.008774
33 10.707149 636.251253 -2.079124 636.251253 2.109666 8241.159663 0.008774
34 10.707143 636.283714 -2.079124 636.283714 2.109666 8241.159663 0.008774
35 10.707138 636.317514 -2.079124 636.317514 2.109666 8241.159663 0.008774
36 10.707132 636.352646 -2.079125 636.352646 2.109666 8241.159663 0.008774
37 10.707125 636.389100 -2.079125 636.389100 2.109665 8241.159663 0.008774
38 10.707118 636.426865 -2.079125 636.426865 2.109665 8241.159663 0.008774
39 10.707110 636.465929 -2.079125 636.465929 2.109665 8241.159663 0.008774
40 10.707102 636.506280 -2.079126 636.506280 2.109665 8241.159663 0.008774
41 10.707093 636.547904 -2.079126 636.547904 2.109664 8241.159663 0.008774
42 10.707083 636.590785 -2.079126 636.590785 2.109664 8241.159663 0.008774
43 10.707073 636.634909 -2.079126 636.634909 2.109664 8241.159663 0.008774
44 10.707062 636.680260 -2.079127 636.680260 2.109664 8241.159663 0.008774
45 10.707051 636.726820 -2.079127 636.726820 2.109663 8241.159663 0.008774
46 10.707038 636.774573 -2.079127 636.774573 2.109663 8241.159663 0.008774
47 10.707026 636.823502 -2.079128 636.823502 2.109663 8241.159663 0.008774
48 10.707012 636.873588 -2.079128 636.873588 2.109662 8241.159663 0.008774
49 10.706998 636.924813 -2.079128 636.924813 2.109662 8241.159663 0.008774
50 10.706982 636.977160 -2.079128 636.977160 2.109662 8241.159663 0.008774
51 10.706967 637.030609 -2.079129 637.030609 2.109661 8241.159663 0.008774
52 10.706950 637.085143 -2.079129 637.085143 2.109661 8241.159663 0.008774
53 10.706933 637.140742 -2.079129 637.140742 2.109661 8241.159663 0.008774
54 10.706915 637.197389 -2.079130 637.197389 2.109660 8241.159663 0.008774
55 10.706896 637.255064 -2.079130 637.255064 2.109660 8241.159663 0.008774
56 10.706876 637.313750 -2.079131 637.313750 2.109660 8241.159663 0.008774
57 10.706856 637.373428 -2.079131 637.373428 2.109659 8241.159663 0.008774
58 10.706835 637.434080 -2.079131 637.434080 2.109659 8241.159663 0.008774
59 10.706813 637.495688 -2.079132 637.495688 2.109659 8241.159663 0.008774
60 10.706790 637.558235 -2.079132 637.558235 2.109658 8241.159663 0.008774
61 10.706766 637.621702 -2.079132 637.621702 2.109658 8241.159663 0.008774
62 10.706742 637.686074 -2.079133 637.686074 2.109657 8241.159663 0.008774
63 10.706717 637.751332 -2.079133 637.751332 2.109657 8241.159663 0.008774
64 10.706691 637.817460 -2.079134 637.817460 2.109656 8241.159663 0.008774
65 10.706664 637.884442 -2.079134 637.884442 2.109656 8241.159663 0.008774
66 10.706636 637.952261 -2.079135 637.952261 2.109656 8241.159663 0.008774
67 10.706608 638.020902 -2.079135 638.020902 2.109655 8241.159663 0.008774
68 10.706579 638.090350 -2.079135 638.090350 2.109655 8241.159663 0.008774
69 10.706548 638.160588 -2.079136 638.160588 2.109654 8241.159663 0.008774
70 10.706517 638.231603 -2.079136 638.231603 2.109654 8241.159663 0.008774
71 10.706486 638.303379 -2.079137 638.303379 2.109653 8241.159663 0.008774
72 10.706453 638.375903 -2.079137 638.375903 2.109653 8241.159663 0.008774
73 10.706420 638.449161 -2.079138 638.449161 2.109652 8241.159663 0.008774
74 10.706386 638.523138 -2.079138 638.523138 2.109652 8241.159663 0.008774
75 10.706351 638.597823 -2.079139 638.597823 2.109652 8241.159663 0.008774
76 10.706315 638.673201 -2.079139 638.673201 2.109651 8241.159663 0.008774
77 10.706278 638.749261 -2.079140 638.749261 2.109651 8241.159663 0.008774
78 10.706240 638.825989 -2.079140 638.825989 2.109650 8241.159663 0.008774
79 10.706202 638.903375 -2.079141 638.903375 2.109650 8241.159663 0.008774
80 10.706163 638.981407 -2.079141 638.981407 2.109649 8241.159663 0.008774
81 10.706123 639.060072 -2.079142 639.060072 2.109649 8241.159663 0.008774
82 10.706082 639.139361 -2.079142 639.139361 2.109648 8241.159663 0.008774
83 10.706041 639.219262 -2.079143 639.219262 2.109648 8241.159663 0.008774
84 10.705999 639.299765 -2.079143 639.299765 2.109647 8241.159663 0.008774
85 10.705955 639.380861 -2.079144 639.380861 2.109646 8241.159663 0.008774
86 10.705911 639.462538 -2.079144 639.462538 2.109646 8241.159663 0.008774
87 10.705867 639.544787 -2.079145 639.544787 2.109645 8241.159663 0.008774
88 10.705821 639.627600 -2.079145 639.627600 2.109645 8241.159663 0.008774
89 10.705775 639.710966 -2.079146 639.710966 2.109644 8241.159663 0.008774
90 10.705728 639.794878 -2.079146 639.794878 2.109644 8241.159663 0.008774
91 10.705680 639.879327 -2.079147 639.879327 2.109643 8241.159663 0.008774
92 10.705631 639.964304 -2.079148 639.964304 2.109643 8241.159663 0.008774
93 10.705582 640.049801 -2.079148 640.049801 2.109642 8241.159663 0.008774
94 10.705532 640.135811 -2.079149 640.135811 2.109642 8241.159663 0.008774
95 10.705481 640.222326 -2.079149 640.222326 2.109641 8241.159663 0.008774
96 10.705429 640.309338 -2.079150 640.309338 2.109640 8241.159663 0.008774
97 10.705376 640.396841 -2.079150 640.396841 2.109640 8241.159663 0.008774
98 10.705323 640.484828 -2.079151 640.484828 2.109639 8241.159663 0.008774
99 10.705269 640.573292 -2.079151 640.573292 2.109639 8241.159663 0.008774
100 10.705214 640.662225 -2.079152 640.662225 2.109638 8241.159663 0.008774
101 10.705159 640.751623 -2.079153 640.751623 2.109638 8241.159663 0.008774
102 10.705103 640.841479 -2.079153 640.841479 2.109637 8241.159663 0.008774
103 10.705046 640.931787 -2.079154 640.931787 2.109636 8241.159663 0.008774
104 10.704988 641.022541 -2.079154 641.022541 2.109636 8241.159663 0.008774
105 10.704930 641.113735 -2.079155 641.113735 2.109635 8241.159663 0.008774
106 10.704871 641.205365 -2.079156 641.205365 2.109635 8241.159663 0.008774
107 10.704811 641.297425 -2.079156 641.297425 2.109634 8241.159663 0.008774
108 10.704750 641.389909 -2.079157 641.389909 2.109633 8241.159663 0.008774
109 10.704689 641.482814 -2.079157 641.482814 2.109633 8241.159663 0.008774
110 10.704627 641.576134 -2.079158 641.576134 2.109632 8241.159663 0.008774
111 10.704565 641.669864 -2.079159 641.669864 2.109632 8241.159663 0.008774
112 10.704501 641.764000 -2.079159 641.764000 2.109631 8241.159663 0.008774
113 10.704437 641.858539 -2.079160 641.858539 2.109630 8241.159663 0.008774
114 10.704373 641.953474 -2.079160 641.953474 2.109630 8241.159663 0.008774
115 10.704307 642.048803 -2.079161 642.048803 2.109629 8241.159663 0.008774
116 10.704241 642.144522 -2.079162 642.144522 2.109629 8241.159663 0.008774
117 10.704175 642.240627 -2.079162 642.240627 2.109628 8241.159663 0.008774
118 10.704107 642.337113 -2.079163 642.337113 2.109627 8241.159663 0.008774
119 10.704039 642.433978 -2.079164 642.433978 2.109627 8241.159663 0.008774
120 10.703971 642.531217 -2.079164 642.531217 2.109626 8241.159663 0.008774
121 10.703901 642.628829 -2.079165 642.628829 2.109625 8241.159663 0.008774
122 10.703831 642.726808 -2.079165 642.726808 2.109625 8241.159663 0.008774
123 10.703761 642.825153 -2.079166 642.825153 2.109624 8241.159663 0.008774
124 10.703690 642.923860 -2.079167 642.923860 2.109623 8241.159663 0.008774
125 10.703618 643.022926 -2.079167 643.022926 2.109623 8241.159663 0.008774
126 10.703545 643.122348 -2.079168 643.122348 2.109622 8241.159663 0.008774
127 10.703472 643.222124 -2.079169 643.222124 2.109622 8241.159663 0.008774
128 10.703399 643.322251 -2.079169 643.322251 2.109621 8241.159663 0.008774
129 10.703324 643.422726 -2.079170 643.422726 2.109620 8241.159663 0.008774
130 10.703250 643.523546 -2.079171 643.523546 2.109620 8241.159663 0.008774
131 10.703174 643.624710 -2.079171 643.624710 2.109619 8241.159663 0.008774
132 10.703098 643.726215 -2.079172 643.726215 2.109618 8241.159663 0.008774
133 10.703021 643.828058 -2.079173 643.828058 2.109618 8241.159663 0.008774
134 10.702944 643.930238 -2.079173 643.930238 2.109617 8241.159663 0.008774
135 10.702866 644.032752 -2.079174 644.032752 2.109616 8241.159663 0.008774
136 10.702788 644.135598 -2.079175 644.135598 2.109616 8241.159663 0.008774
137 10.702709 644.238775 -2.079175 644.238775 2.109615 8241.159663 0.008774
138 10.702629 644.342279 -2.079176 644.342279 2.109614 8241.159663 0.008774
139 10.702549 644.446111 -2.079177 644.446111 2.109614 8241.159663 0.008774
140 10.702468 644.550266 -2.079177 644.550266 2.109613 8241.159663 0.008774
141 10.702387 644.654745 -2.079178 644.654745 2.109612 8241.159663 0.008774
142 10.702305 644.759545 -2.079179 644.759545 2.109612 8241.159663 0.008774
143 10.702223 644.864664 -2.079179 644.864664 2.109611 8241.159663 0.008774
144 10.702140 644.970101 -2.079180 644.970101 2.109610 8241.159663 0.008774
145 10.702057 645.075855 -2.079181 645.075855 2.109610 8241.159663 0.008774
146 10.701973 645.181923 -2.079181 645.181923 2.109609 8241.159663 0.008774
147 10.701888 645.288305 -2.079182 645.288305 2.109608 8241.159663 0.008774
148 10.701804 645.394999 -2.079183 645.394999 2.109608 8241.159663 0.008774
149 10.701718 645.502003 -2.079183 645.502003 2.109607 8241.159663 0.008774
150 10.701632 645.609317 -2.079184 645.609317 2.109606 8241.159663 0.008774
151 10.701545 645.716939 -2.079185 645.716939 2.109606 8241.159663 0.008774
152 10.701458 645.824868 -2.079185 645.824868 2.109605 8241.159663 0.008774
153 10.701371 645.933103 -2.079186 645.933103 2.109604 8241.159663 0.008774
154 10.701283 646.041643 -2.079187 646.041643 2.109603 8241.159663 0.008774
155 10.701194 646.150486 -2.079187 646.150486 2.109603 8241.159663 0.008774
156 10.701105 646.259631 -2.079188 646.259631 2.109602 8241.159663 0.008774
157 10.701016 646.369078 -2.079189 646.369078 2.109601 8241.159663 0.008774
158 10.700926 646.478826 -2.079189 646.478826 2.109601 8241.159663 0.008774
159 10.700835 646.588873 -2.079190 646.588873 2.109600 8241.159663 0.008774
160 10.700744 646.699219 -2.079191 646.699219 2.109599 8241.159663 0.008774
161 10.700653 646.809862 -2.079192 646.809862 2.109599 8241.159663 0.008774
162 10.700561 646.920802 -2.079192 646.920802 2.109598 8241.159663 0.008774
163 10.700469 647.032038 -2.079193 647.032038 2.109597 8241.159663 0.008774
164 10.700376 647.143570 -2.079194 647.143570 2.109597 8241.159663 0.008774
165 10.700283 647.255396 -2.079194 647.255396 2.109596 8241.159663 0.008774
166 10.700189 647.367515 -2.079195 647.367515 2.109595 8241.159663 0.008774
167 10.700095 647.479928 -2.079196 647.479928 2.109594 8241.159663 0.008774
168 10.700000 647.592633 -2.079197 647.592633 2.109594 8241.159663 0.008774
169 10.699905 647.705630 -2.079197 647.705630 2.109593 8241.159663 0.008774
170 10.699810 647.818917 -2.079198 647.818917 2.109592 8241.159663 0.008774
171 10.699714 647.932495 -2.079199 647.932495 2.109592 8241.159663 0.008774
172 10.699617 648.046363 -2.079199 648.046363 2.109591 8241.159663 0.008774
173 10.699521 648.160520 -2.079200 648.160520 2.109590 8241.159663 0.008774
174 10.699423 648.274966 -2.079201 648.274966 2.109589 8241.159663 0.008774
175 10.699326 648.389700 -2.079202 648.389700 2.109589 8241.159663 0.008774
176 10.699228 648.504721 -2.079202 648.504721 2.109588 8241.159663 0.008774
177 10.699129 648.620030 -2.079203 648.620030 2.109587 8241.159663 0.008774
178 10.699030 648.735625 -2.079204 648.735625 2.109586 8241.159663 0.008774
179 10.698931 648.851507 -2.079204 648.851507 2.109586 8241.159663 0.008774
180 10.698831 648.967675 -2.079205 648.967675 2.109585 8241.159663 0.008774
181 10.698731 649.084128 -2.079206 649.084128 2.109584 8241.159663 0.008774
182 10.698631 649.200865 -2.079207 649.200865 2.109584 8241.159663 0.008774
183 10.698530 649.317888 -2.079207 649.317888 2.109583 8241.159663 0.008774
184 10.698429 649.435195 -2.079208 649.435195 2.109582 8241.159663 0.008774
185 10.698327 649.552786 -2.079209 649.552786 2.109581 8241.159663 0.008774
186 10.698225 649.670660 -2.079210 649.670660 2.109581 8241.159663 0.008774
187 10.698123 649.788818 -2.079210 649.788818 2.109580 8241.159663 0.008774
188 10.698020 649.907258 -2.079211 649.907258 2.109579 8241.159663 0.008774
189 10.697917 650.025981 -2.079212 650.025981 2.109578 8241.159663 0.008774
190 10.697813 650.144987 -2.079212 650.144987 2.109578 8241.159663 0.008774
191 10.697709 650.264275 -2.079213 650.264275 2.109577 8241.159663 0.008774
192 10.697605 650.383845 -2.079214 650.383845 2.109576 8241.159663 0.008774
193 10.697500 650.503696 -2.079215 650.503696 2.109576 8241.159663 0.008774
194 10.697395 650.623829 -2.079215 650.623829 2.109575 8241.159663 0.008774
195 10.697290 650.744244 -2.079216 650.744244 2.109574 8241.159663 0.008774
196 10.697184 650.864939 -2.079217 650.864939 2.109573 8241.159663 0.008774
197 10.697078 650.985915 -2.079218 650.985915 2.109573 8241.159663 0.008774
198 10.696972 651.107172 -2.079218 651.107172 2.109572 8241.159663 0.008774
199 10.696865 651.228709 -2.079219 651.228709 2.109571 8241.159663 0.008774
200 10.696758 651.350527 -2.079220 651.350527 2.109570 8241.159663 0.008774
201 10.696650 651.472625 -2.079221 651.472625 2.109570 8241.159663 0.008774
202 10.696543 651.595004 -2.079221 651.595004 2.109569 8241.159663 0.008774
203 10.696434 651.717662 -2.079222 651.717662 2.109568 8241.159663 0.008774
204 10.696326 651.840600 -2.079223 651.840600 2.109567 8241.159663 0.008774
205 10.696217 651.963818 -2.079224 651.963818 2.109567 8241.159663 0.008774
206 10.696108 652.087316 -2.079224 652.087316 2.109566 8241.159663 0.008774
207 10.695999 652.211093 -2.079225 652.211093 2.109565 8241.159663 0.008774
208 10.695889 652.335150 -2.079226 652.335150 2.109564 8241.159663 0.008774
209 10.695779 652.459486 -2.079227 652.459486 2.109564 8241.159663 0.008774
210 10.695668 652.584102 -2.079227 652.584102 2.109563 8241.159663 0.008774
211 10.695557 652.708997 -2.079228 652.708997 2.109562 8241.159663 0.008774
212 10.695446 652.834172 -2.079229 652.834172 2.109561 8241.159663 0.008774
213 10.695335 652.959626 -2.079230 652.959626 2.109561 8241.159663 0.008774
214 10.695223 653.085359 -2.079230 653.085359 2.109560 8241.159663 0.008774
215 10.695111 653.211372 -2.079231 653.211372 2.109559 8241.159663 0.008774
216 10.694999 653.337663 -2.079232 653.337663 2.109558 8241.159663 0.008774
217 10.694886 653.464235 -2.079233 653.464235 2.109557 8241.159663 0.008774
218 10.694774 653.591085 -2.079234 653.591085 2.109557 8241.159663 0.008774
219 10.694660 653.718215 -2.079234 653.718215 2.109556 8241.159663 0.008774
220 10.694547 653.845624 -2.079235 653.845624 2.109555 8241.159663 0.008774
221 10.694433 653.973312 -2.079236 653.973312 2.109554 8241.159663 0.008774
222 10.694319 654.101280 -2.079237 654.101280 2.109554 8241.159663 0.008774
223 10.694205 654.229528 -2.079237 654.229528 2.109553 8241.159663 0.008774
224 10.694090 654.358055 -2.079238 654.358055 2.109552 8241.159663 0.008774
225 10.693975 654.486861 -2.079239 654.486861 2.109551 8241.159663 0.008774
226 10.693860 654.615947 -2.079240 654.615947 2.109551 8241.159663 0.008774
227 10.693744 654.745313 -2.079240 654.745313 2.109550 8241.159663 0.008774
228 10.693629 654.874959 -2.079241 654.874959 2.109549 8241.159663 0.008774
229 10.693513 655.004884 -2.079242 655.004884 2.109548 8241.159663 0.008774
230 10.693396 655.135090 -2.079243 655.135090 2.109547 8241.159663 0.008774
231 10.693280 655.265575 -2.079244 655.265575 2.109547 8241.159663 0.008774
232 10.693163 655.396341 -2.079244 655.396341 2.109546 8241.159663 0.008774
233 10.693046 655.527387 -2.079245 655.527387 2.109545 8241.159663 0.008774
234 10.692928 655.658713 -2.079246 655.658713 2.109544 8241.159663 0.008774
235 10.692810 655.790320 -2.079247 655.790320 2.109544 8241.159663 0.008774
236 10.692693 655.922207 -2.079247 655.922207 2.109543 8241.159663 0.008774
237 10.692574 656.054375 -2.079248 656.054375 2.109542 8241.159663 0.008774
238 10.692456 656.186824 -2.079249 656.186824 2.109541 8241.159663 0.008774
239 10.692337 656.319554 -2.079250 656.319554 2.109540 8241.159663 0.008774
240 10.692218 656.452565 -2.079251 656.452565 2.109540 8241.159663 0.008774
241 10.692099 656.585858 -2.079251 656.585858 2.109539 8241.159663 0.008774
242 10.691979 656.719432 -2.079252 656.719432 2.109538 8241.159663 0.008774
243 10.691860 656.853287 -2.079253 656.853287 2.109537 8241.159663 0.008774
244 10.691740 656.987425 -2.079254 656.987425 2.109536 8241.159663 0.008774
245 10.691620 657.121844 -2.079255 657.121844 2.109536 8241.159663 0.008774
246 10.691499 657.256545 -2.079255 657.256545 2.109535 8241.159663 0.008774
247 10.691378 657.391529 -2.079256 657.391529 2.109534 8241.159663 0.008774
248 10.691257 657.526795 -2.079257 657.526795 2.109533 8241.159663 0.008774
249 10.691136 657.662344 -2.079258 657.662344 2.109533 8241.159663 0.008774
250 10.691015 657.798176 -2.079258 657.798176 2.109532 8241.159663 0.008774
251 10.690893 657.934291 -2.079259 657.934291 2.109531 8241.159663 0.008774
252 10.690771 658.070689 -2.079260 658.070689 2.109530 8241.159663 0.008774
253 10.690649 658.207370 -2.079261 658.207370 2.109529 8241.159663 0.008774
254 10.690526 658.344336 -2.079262 658.344336 2.109529 8241.159663 0.008774
255 10.690404 658.481585 -2.079262 658.481585 2.109528 8241.159663 0.008774
256 10.690281 658.619118 -2.079263 658.619118 2.109527 8241.159663 0.008774
257 10.690158 658.756936 -2.079264 658.756936 2.109526 8241.159663 0.008774
258 10.690035 658.895038 -2.079265 658.895038 2.109525 8241.159663 0.008774
259 10.689911 659.033426 -2.079266 659.033426 2.109525 8241.159663 0.008774
260 10.689787 659.172098 -2.079266 659.172098 2.109524 8241.159663 0.008774
261 10.689663 659.311056 -2.079267 659.311056 2.109523 8241.159663 0.008774
262 10.689539 659.450299 -2.079268 659.450299 2.109522 8241.159663 0.008774
263 10.689415 659.589828 -2.079269 659.589828 2.109521 8241.159663 0.008774
264 10.689290 659.729643 -2.079270 659.729643 2.109520 8241.159663 0.008774
265 10.689165 659.869744 -2.079271 659.869744 2.109520 8241.159663 0.008774
266 10.689040 660.010133 -2.079271 660.010133 2.109519 8241.159663 0.008774
267 10.688915 660.150808 -2.079272 660.150808 2.109518 8241.159663 0.008774
268 10.688789 660.291770 -2.079273 660.291770 2.109517 8241.159663 0.008774
269 10.688664 660.433019 -2.079274 660.433019 2.109516 8241.159663 0.008774
270 10.688538 660.574557 -2.079275 660.574557 2.109516 8241.159663 0.008774
271 10.688411 660.716382 -2.079275 660.716382 2.109515 8241.159663 0.008774
272 10.688285 660.858496 -2.079276 660.858496 2.109514 8241.159663 0.008774
273 10.688159 661.000898 -2.079277 661.000898 2.109513 8241.159663 0.008774
274 10.688032 661.143589 -2.079278 661.143589 2.109512 8241.159663 0.008774
275 10.687905 661.286570 -2.079279 661.286570 2.109512 8241.159663 0.008774
276 10.687778 661.429840 -2.079279 661.429840 2.109511 8241.159663 0.008774
277 10.687650 661.573400 -2.079280 661.573400 2.109510 8241.159663 0.008774
278 10.687523 661.717250 -2.079281 661.717250 2.109509 8241.159663 0.008774
279 10.687395 661.861390 -2.079282 661.861390 2.109508 8241.159663 0.008774
280 10.687267 662.005822 -2.079283 662.005822 2.109507 8241.159663 0.008774
281 10.687139 662.150544 -2.079284 662.150544 2.109507 8241.159663 0.008774
282 10.687010 662.295558 -2.079284 662.295558 2.109506 8241.159663 0.008774
283 10.686882 662.440864 -2.079285 662.440864 2.109505 8241.159663 0.008774
284 10.686753 662.586462 -2.079286 662.586462 2.109504 8241.159663 0.008774
285 10.686624 662.732353 -2.079287 662.732353 2.109503 8241.159663 0.008774
286 10.686495 662.878536 -2.079288 662.878536 2.109503 8241.159663 0.008774
287 10.686366 663.025013 -2.079288 663.025013 2.109502 8241.159663 0.008774
288 10.686236 663.171783 -2.079289 663.171783 2.109501 8241.159663 0.008774
289 10.686106 663.318848 -2.079290 663.318848 2.109500 8241.159663 0.008774
290 10.685976 663.466206 -2.079291 663.466206 2.109499 8241.159663 0.008774
291 10.685846 663.613860 -2.079292 663.613860 2.109498 8241.159663 0.008774
292 10.685716 663.761808 -2.079293 663.761808 2.109498 8241.159663 0.008774
293 10.685586 663.910052 -2.079293 663.910052 2.109497 8241.159663 0.008774
294 10.685455 664.058592 -2.079294 664.058592 2.109496 8241.159663 0.008774
295 10.685324 664.207428 -2.079295 664.207428 2.109495 8241.159663 0.008774
296 10.685193 664.356561 -2.079296 664.356561 2.109494 8241.159663 0.008774
297 10.685062 664.505991 -2.079297 664.505991 2.109493 8241.159663 0.008774
298 10.684930 664.655719 -2.079298 664.655719 2.109493 8241.159663 0.008774
299 10.684799 664.805744 -2.079298 664.805744 2.109492 8241.159663 0.008774
300 10.684667 664.956068 -2.079299 664.956068 2.109491 8241.159663 0.008774
301 10.684535 665.106690 -2.079300 665.106690 2.109490 8241.159663 0.008774
302 10.684403 665.257611 -2.079301 665.257611 2.109489 8241.159663 0.008774
303 10.684271 665.408833 -2.079302 665.408833 2.109488 8241.159663 0.008774
304 10.684138 665.560354 -2.079303 665.560354 2.109488 8241.159663 0.008774
305 10.684006 665.712175 -2.079303 665.712175 2.109487 8241.159663 0.008774
306 10.683873 665.864298 -2.079304 665.864298 2.109486 8241.159663 0.008774
307 10.683740 666.016722 -2.079305 666.016722 2.109485 8241.159663 0.008774
308 10.683607 666.169447 -2.079306 666.169447 2.109484 8241.159663 0.008774
309 10.683473 666.322475 -2.079307 666.322475 2.109483 8241.159663 0.008774
310 10.683340 666.475806 -2.079308 666.475806 2.109482 8241.159663 0.008774
311 10.683206 666.629440 -2.079309 666.629440 2.109482 8241.159663 0.008774
312 10.683072 666.783377 -2.079309 666.783377 2.109481 8241.159663 0.008774
313 10.682938 666.937619 -2.079310 666.937619 2.109480 8241.159663 0.008774
314 10.682804 667.092165 -2.079311 667.092165 2.109479 8241.159663 0.008774
315 10.682670 667.247017 -2.079312 667.247017 2.109478 8241.159663 0.008774
316 10.682535 667.402174 -2.079313 667.402174 2.109477 8241.159663 0.008774
317 10.682401 667.557637 -2.079314 667.557637 2.109477 8241.159663 0.008774
318 10.682266 667.713407 -2.079315 667.713407 2.109476 8241.159663 0.008774
319 10.682131 667.869484 -2.079315 667.869484 2.109475 8241.159663 0.008774
320 10.681996 668.025868 -2.079316 668.025868 2.109474 8241.159663 0.008774
321 10.681860 668.182560 -2.079317 668.182560 2.109473 8241.159663 0.008774
322 10.681725 668.339562 -2.079318 668.339562 2.109472 8241.159663 0.008774
323 10.681589 668.496872 -2.079319 668.496872 2.109471 8241.159663 0.008774
324 10.681453 668.654492 -2.079320 668.654492 2.109471 8241.159663 0.008774
325 10.681317 668.812422 -2.079320 668.812422 2.109470 8241.159663 0.008774
326 10.681181 668.970663 -2.079321 668.970663 2.109469 8241.159663 0.008774
327 10.681045 669.129216 -2.079322 669.129216 2.109468 8241.159663 0.008774
328 10.680908 669.288080 -2.079323 669.288080 2.109467 8241.159663 0.008774
329 10.680772 669.447257 -2.079324 669.447257 2.109466 8241.159663 0.008774
330 10.680635 669.606746 -2.079325 669.606746 2.109465 8241.159663 0.008774
331 10.680498 669.766549 -2.079326 669.766549 2.109465 8241.159663 0.008774
332 10.680361 669.926667 -2.079327 669.926667 2.109464 8241.159663 0.008774
333 10.680224 670.087099 -2.079327 670.087099 2.109463 8241.159663 0.008774
334 10.680086 670.247846 -2.079328 670.247846 2.109462 8241.159663 0.008774
335 10.679949 670.408909 -2.079329 670.408909 2.109461 8241.159663 0.008774
336 10.679811 670.570288 -2.079330 670.570288 2.109460 8241.159663 0.008774
337 10.679673 670.731985 -2.079331 670.731985 2.109459 8241.159663 0.008774
338 10.679535 670.893999 -2.079332 670.893999 2.109459 8241.159663 0.008774
339 10.679397 671.056332 -2.079333 671.056332 2.109458 8241.159663 0.008774
340 10.679259 671.218983 -2.079333 671.218983 2.109457 8241.159663 0.008774
341 10.679120 671.381954 -2.079334 671.381954 2.109456 8241.159663 0.008774
342 10.678981 671.545245 -2.079335 671.545245 2.109455 8241.159663 0.008774
343 10.678843 671.708857 -2.079336 671.708857 2.109454 8241.159663 0.008774
344 10.678704 671.872790 -2.079337 671.872790 2.109453 8241.159663 0.008774
345 10.678565 672.037045 -2.079338 672.037045 2.109452 8241.159663 0.008774
346 10.678425 672.201622 -2.079339 672.201622 2.109452 8241.159663 0.008774
347 10.678286 672.366523 -2.079340 672.366523 2.109451 8241.159663 0.008774
348 10.678146 672.531748 -2.079340 672.531748 2.109450 8241.159663 0.008774
349 10.678007 672.697298 -2.079341 672.697298 2.109449 8241.159663 0.008774
350 10.677867 672.863173 -2.079342 672.863173 2.109448 8241.159663 0.008774
351 10.677727 673.029374 -2.079343 673.029374 2.109447 8241.159663 0.008774
352 10.677587 673.195901 -2.079344 673.195901 2.109446 8241.159663 0.008774
353 10.677446 673.362756 -2.079345 673.362756 2.109445 8241.159663 0.008774
354 10.677306 673.529939 -2.079346 673.529939 2.109445 8241.159663 0.008774
355 10.677165 673.697451 -2.079347 673.697451 2.109444 8241.159663 0.008774
356 10.677024 673.865292 -2.079347 673.865292 2.109443 8241.159663 0.008774
357 10.676884 674.033463 -2.079348 674.033463 2.109442 8241.159663 0.008774
358 10.676743 674.201965 -2.079349 674.201965 2.109441 8241.159663 0.008774
359 10.676601 674.370799 -2.079350 674.370799 2.109440 8241.159663 0.008774
360 10.676460 674.539964 -2.079351 674.539964 2.109439 8241.159663 0.008774
361 10.676319 674.709463 -2.079352 674.709463 2.109438 8241.159663 0.008774
362 10.676177 674.879296 -2.079353 674.879296 2.109437 8241.159663 0.008774
363 10.676035 675.049464 -2.079354 675.049464 2.109437 8241.159663 0.008774
364 10.675893 675.219966 -2.079355 675.219966 2.109436 8241.159663 0.008774
365 10.675751 675.390805 -2.079355 675.390805 2.109435 8241.159663 0.008774
366 10.675609 675.561980 -2.079356 675.561980 2.109434 8241.159663 0.008774
367 10.675467 675.733493 -2.079357 675.733493 2.109433 8241.159663 0.008774
368 10.675324 675.905345 -2.079358 675.905345 2.109432 8241.159663 0.008774
369 10.675182 676.077535 -2.079359 676.077535 2.109431 8241.159663 0.008774
370 10.675039 676.250066 -2.079360 676.250066 2.109430 8241.159663 0.008774
371 10.674896 676.422937 -2.079361 676.422937 2.109429 8241.159663 0.008774
372 10.674753 676.596150 -2.079362 676.596150 2.109428 8241.159663 0.008774
373 10.674610 676.769705 -2.079363 676.769705 2.109428 8241.159663 0.008774
374 10.674466 676.943603 -2.079364 676.943603 2.109427 8241.159663 0.008774
375 10.674323 677.117846 -2.079364 677.117846 2.109426 8241.159663 0.008774
376 10.674179 677.292433 -2.079365 677.292433 2.109425 8241.159663 0.008774
377 10.674035 677.467366 -2.079366 677.467366 2.109424 8241.159663 0.008774
378 10.673891 677.642645 -2.079367 677.642645 2.109423 8241.159663 0.008774
379 10.673747 677.818272 -2.079368 677.818272 2.109422 8241.159663 0.008774
380 10.673603 677.994247 -2.079369 677.994247 2.109421 8241.159663 0.008774
381 10.673459 678.170571 -2.079370 678.170571 2.109420 8241.159663 0.008774
382 10.673314 678.347245 -2.079371 678.347245 2.109419 8241.159663 0.008774
383 10.673170 678.524270 -2.079372 678.524270 2.109419 8241.159663 0.008774
384 10.673025 678.701647 -2.079373 678.701647 2.109418 8241.159663 0.008774
385 10.672880 678.879376 -2.079373 678.879376 2.109417 8241.159663 0.008774
386 10.672735 679.057459 -2.079374 679.057459 2.109416 8241.159663 0.008774
387 10.672590 679.235896 -2.079375 679.235896 2.109415 8241.159663 0.008774
388 10.672444 679.414689 -2.079376 679.414689 2.109414 8241.159663 0.008774
389 10.672299 679.593838 -2.079377 679.593838 2.109413 8241.159663 0.008774
390 10.672153 679.773345 -2.079378 679.773345 2.109412 8241.159663 0.008774
391 10.672007 679.953209 -2.079379 679.953209 2.109411 8241.159663 0.008774
392 10.671862 680.133433 -2.079380 680.133433 2.109410 8241.159663 0.008774
393 10.671716 680.314017 -2.079381 680.314017 2.109409 8241.159663 0.008774
394 10.671569 680.494962 -2.079382 680.494962 2.109409 8241.159663 0.008774
395 10.671423 680.676269 -2.079383 680.676269 2.109408 8241.159663 0.008774
396 10.671277 680.857939 -2.079383 680.857939 2.109407 8241.159663 0.008774
397 10.671130 681.039973 -2.079384 681.039973 2.109406 8241.159663 0.008774
398 10.670983 681.222371 -2.079385 681.222371 2.109405 8241.159663 0.008774
399 10.670836 681.405136 -2.079386 681.405136 2.109404 8241.159663 0.008774
400 10.670689 681.588269 -2.079387 681.588269 2.109403 8241.159663 0.008774
401 10.670542 681.771769 -2.079388 681.771769 2.109402 8241.159663 0.008774
402 10.670395 681.955638 -2.079389 681.955638 2.109401 8241.159663 0.008774
403 10.670247 682.139877 -2.079390 682.139877 2.109400 8241.159663 0.008774
404 10.670100 682.324487 -2.079391 682.324487 2.109399 8241.159663 0.008774
405 10.669952 682.509470 -2.079392 682.509470 2.109398 8241.159663 0.008774
406 10.669804 682.694826 -2.079393 682.694826 2.109397 8241.159663 0.008774
407 10.669656 682.880556 -2.079394 682.880556 2.109397 8241.159663 0.008774
408 10.669508 683.066662 -2.079395 683.066662 2.109396 8241.159663 0.008774
409 10.669360 683.253145 -2.079396 683.253145 2.109395 8241.159663 0.008774
410 10.669211 683.440005 -2.079396 683.440005 2.109394 8241.159663 0.008774
411 10.669063 683.627243 -2.079397 683.627243 2.109393 8241.159663 0.008774
412 10.668914 683.814862 -2.079398 683.814862 2.109392 8241.159663 0.008774
413 10.668765 684.002861 -2.079399 684.002861 2.109391 8241.159663 0.008774
414 10.668616 684.191243 -2.079400 684.191243 2.109390 8241.159663 0.008774
415 10.668467 684.380008 -2.079401 684.380008 2.109389 8241.159663 0.008774
416 10.668318 684.569157 -2.079402 684.569157 2.109388 8241.159663 0.008774
417 10.668168 684.758692 -2.079403 684.758692 2.109387 8241.159663 0.008774
418 10.668019 684.948614 -2.079404 684.948614 2.109386 8241.159663 0.008774
419 10.667869 685.138924 -2.079405 685.138924 2.109385 8241.159663 0.008774
420 10.667719 685.329623 -2.079406 685.329623 2.109384 8241.159663 0.008774
421 10.667569 685.520712 -2.079407 685.520712 2.109383 8241.159663 0.008774
422 10.667419 685.712193 -2.079408 685.712193 2.109383 8241.159663 0.008774
423 10.667268 685.904066 -2.079409 685.904066 2.109382 8241.159663 0.008774
424 10.667118 686.096334 -2.079410 686.096334 2.109381 8241.159663 0.008774
425 10.666967 686.288996 -2.079411 686.288996 2.109380 8241.159663 0.008774
426 10.666817 686.482056 -2.079411 686.482056 2.109379 8241.159663 0.008774
427 10.666666 686.675513 -2.079412 686.675513 2.109378 8241.159663 0.008774
428 10.666515 686.869369 -2.079413 686.869369 2.109377 8241.159663 0.008774
429 10.666364 687.063625 -2.079414 687.063625 2.109376 8241.159663 0.008774
430 10.666212 687.258283 -2.079415 687.258283 2.109375 8241.159663 0.008774
431 10.666061 687.453344 -2.079416 687.453344 2.109374 8241.159663 0.008774
432 10.665909 687.648809 -2.079417 687.648809 2.109373 8241.159663 0.008774
433 10.665758 687.844680 -2.079418 687.844680 2.109372 8241.159663 0.008774
434 10.665606 688.040958 -2.079419 688.040958 2.109371 8241.159663 0.008774
435 10.665454 688.237644 -2.079420 688.237644 2.109370 8241.159663 0.008774
436 10.665302 688.434739 -2.079421 688.434739 2.109369 8241.159663 0.008774
437 10.665149 688.632246 -2.079422 688.632246 2.109368 8241.159663 0.008774
438 10.664997 688.830164 -2.079423 688.830164 2.109367 8241.159663 0.008774
439 10.664844 689.028497 -2.079424 689.028497 2.109366 8241.159663 0.008774
440 10.664691 689.227245 -2.079425 689.227245 2.109365 8241.159663 0.008774
441 10.664538 689.426409 -2.079426 689.426409 2.109364 8241.159663 0.008774
442 10.664385 689.625991 -2.079427 689.625991 2.109363 8241.159663 0.008774
443 10.664232 689.825993 -2.079428 689.825993 2.109362 8241.159663 0.008774
444 10.664079 690.026416 -2.079429 690.026416 2.109362 8241.159663 0.008774
445 10.663925 690.227260 -2.079430 690.227260 2.109361 8241.159663 0.008774
446 10.663772 690.428529 -2.079431 690.428529 2.109360 8241.159663 0.008774
447 10.663618 690.630223 -2.079432 690.630223 2.109359 8241.159663 0.008774
448 10.663464 690.832344 -2.079433 690.832344 2.109358 8241.159663 0.008774
449 10.663310 691.034893 -2.079434 691.034893 2.109357 8241.159663 0.008774
450 10.663156 691.237872 -2.079435 691.237872 2.109356 8241.159663 0.008774
451 10.663001 691.441283 -2.079435 691.441283 2.109355 8241.159663 0.008774
452 10.662847 691.645126 -2.079436 691.645126 2.109354 8241.159663 0.008774
453 10.662692 691.849404 -2.079437 691.849404 2.109353 8241.159663 0.008774
454 10.662537 692.054117 -2.079438 692.054117 2.109352 8241.159663 0.008774
455 10.662382 692.259269 -2.079439 692.259269 2.109351 8241.159663 0.008774
456 10.662227 692.464860 -2.079440 692.464860 2.109350 8241.159663 0.008774
457 10.662072 692.670891 -2.079441 692.670891 2.109349 8241.159663 0.008774
458 10.661916 692.877365 -2.079442 692.877365 2.109348 8241.159663 0.008774
459 10.661761 693.084283 -2.079443 693.084283 2.109347 8241.159663 0.008774
460 10.661605 693.291647 -2.079444 693.291647 2.109346 8241.159663 0.008774
461 10.661449 693.499459 -2.079445 693.499459 2.109345 8241.159663 0.008774
462 10.661293 693.707719 -2.079446 693.707719 2.109344 8241.159663 0.008774
463 10.661136 693.916431 -2.079447 693.916431 2.109343 8241.159663 0.008774
464 10.660980 694.125594 -2.079448 694.125594 2.109342 8241.159663 0.008774
465 10.660824 694.335213 -2.079449 694.335213 2.109341 8241.159663 0.008774
466 10.660667 694.545287 -2.079450 694.545287 2.109340 8241.159663 0.008774
467 10.660510 694.755819 -2.079451 694.755819 2.109339 8241.159663 0.008774
468 10.660353 694.966810 -2.079452 694.966810 2.109338 8241.159663 0.008774
469 10.660196 695.178263 -2.079453 695.178263 2.109337 8241.159663 0.008774
470 10.660038 695.390179 -2.079454 695.390179 2.109336 8241.159663 0.008774
471 10.659881 695.602560 -2.079455 695.602560 2.109335 8241.159663 0.008774
472 10.659723 695.815407 -2.079456 695.815407 2.109334 8241.159663 0.008774
473 10.659565 696.028723 -2.079457 696.028723 2.109333 8241.159663 0.008774
474 10.659407 696.242510 -2.079458 696.242510 2.109332 8241.159663 0.008774
475 10.659249 696.456769 -2.079459 696.456769 2.109331 8241.159663 0.008774
476 10.659091 696.671502 -2.079460 696.671502 2.109330 8241.159663 0.008774
477 10.658932 696.886712 -2.079461 696.886712 2.109329 8241.159663 0.008774
478 10.658774 697.102399 -2.079462 697.102399 2.109328 8241.159663 0.008774
479 10.658615 697.318566 -2.079463 697.318566 2.109327 8241.159663 0.008774
480 10.658456 697.535216 -2.079464 697.535216 2.109326 8241.159663 0.008774
481 10.658297 697.752349 -2.079465 697.752349 2.109325 8241.159663 0.008774
482 10.658138 697.969968 -2.079466 697.969968 2.109324 8241.159663 0.008774
483 10.657978 698.188076 -2.079467 698.188076 2.109323 8241.159663 0.008774
484 10.657818 698.406673 -2.079468 698.406673 2.109322 8241.159663 0.008774
485 10.657659 698.625762 -2.079469 698.625762 2.109321 8241.159663 0.008774
486 10.657499 698.845345 -2.079470 698.845345 2.109320 8241.159663 0.008774
487 10.657338 699.065425 -2.079471 699.065425 2.109319 8241.159663 0.008774
488 10.657178 699.286002 -2.079472 699.286002 2.109318 8241.159663 0.008774
489 10.657018 699.507080 -2.079473 699.507080 2.109317 8241.159663 0.008774
490 10.656857 699.728661 -2.079474 699.728661 2.109316 8241.159663 0.008774
491 10.656696 699.950746 -2.079475 699.950746 2.109315 8241.159663 0.008774
492 10.656535 700.173338 -2.079476 700.173338 2.109314 8241.159663 0.008774
493 10.656374 700.396439 -2.079477 700.396439 2.109313 8241.159663 0.008774
494 10.656213 700.620051 -2.079478 700.620051 2.109312 8241.159663 0.008774
495 10.656051 700.844176 -2.079479 700.844176 2.109311 8241.159663 0.008774
496 10.655889 701.068818 -2.079480 701.068818 2.109310 8241.159663 0.008774
497 10.655727 701.293977 -2.079481 701.293977 2.109309 8241.159663 0.008774
498 10.655565 701.519656 -2.079482 701.519656 2.109308 8241.159663 0.008774
499 10.655403 701.745858 -2.079484 701.745858 2.109307 8241.159663 0.008774
500 10.655241 701.972585 -2.079485 701.972585 2.109306 8241.159663 0.008774
501 10.655078 702.199839 -2.079486 702.199839 2.109305 8241.159663 0.008774
502 10.654915 702.427623 -2.079487 702.427623 2.109304 8241.159663 0.008774
503 10.654752 702.655939 -2.079488 702.655939 2.109303 8241.159663 0.008774
504 10.654589 702.884789 -2.079489 702.884789 2.109302 8241.159663 0.008774
505 10.654426 703.114176 -2.079490 703.114176 2.109300 8241.159663 0.008774
506 10.654262 703.344102 -2.079491 703.344102 2.109299 8241.159663 0.008774
507 10.654099 703.574570 -2.079492 703.574570 2.109298 8241.159663 0.008774
508 10.653935 703.805583 -2.079493 703.805583 2.109297 8241.159663 0.008774
509 10.653771 704.037142 -2.079494 704.037142 2.109296 8241.159663 0.008774
510 10.653607 704.269250 -2.079495 704.269250 2.109295 8241.159663 0.008774
511 10.653442 704.501911 -2.079496 704.501911 2.109294 8241.159663 0.008774
512 10.653278 704.735126 -2.079497 704.735126 2.109293 8241.159663 0.008774
513 10.653113 704.968897 -2.079498 704.968897 2.109292 8241.159663 0.008774
514 10.652948 705.203229 -2.079499 705.203229 2.109291 8241.159663 0.008774
515 10.652782 705.438123 -2.079500 705.438123 2.109290 8241.159663 0.008774
516 10.652617 705.673582 -2.079501 705.673582 2.109289 8241.159663 0.008774
517 10.652451 705.909609 -2.079502 705.909609 2.109288 8241.159663 0.008774
518 10.652286 706.146207 -2.079503 706.146207 2.109287 8241.159663 0.008774
519 10.652120 706.383378 -2.079504 706.383378 2.109286 8241.159663 0.008774
520 10.651954 706.621125 -2.079505 706.621125 2.109285 8241.159663 0.008774
521 10.651787 706.859451 -2.079506 706.859451 2.109284 8241.159663 0.008774
522 10.651621 707.098358 -2.079508 707.098358 2.109283 8241.159663 0.008774
523 10.651454 707.337850 -2.079509 707.337850 2.109282 8241.159663 0.008774
524 10.651287 707.577930 -2.079510 707.577930 2.109281 8241.159663 0.008774
525 10.651120 707.818600 -2.079511 707.818600 2.109279 8241.159663 0.008774
526 10.650952 708.059864 -2.079512 708.059864 2.109278 8241.159663 0.008774
527 10.650785 708.301723 -2.079513 708.301723 2.109277 8241.159663 0.008774
528 10.650617 708.544182 -2.079514 708.544182 2.109276 8241.159663 0.008774
529 10.650449 708.787244 -2.079515 708.787244 2.109275 8241.159663 0.008774
530 10.650281 709.030911 -2.079516 709.030911 2.109274 8241.159663 0.008774
531 10.650112 709.275186 -2.079517 709.275186 2.109273 8241.159663 0.008774
532 10.649944 709.520073 -2.079518 709.520073 2.109272 8241.159663 0.008774
533 10.649775 709.765575 -2.079519 709.765575 2.109271 8241.159663 0.008774
534 10.649606 710.011695 -2.079520 710.011695 2.109270 8241.159663 0.008774
535 10.649437 710.258435 -2.079521 710.258435 2.109269 8241.159663 0.008774
536 10.649267 710.505801 -2.079523 710.505801 2.109268 8241.159663 0.008774
537 10.649097 710.753794 -2.079524 710.753794 2.109267 8241.159663 0.008774
538 10.648928 711.002417 -2.079525 711.002417 2.109265 8241.159663 0.008774
539 10.648757 711.251675 -2.079526 711.251675 2.109264 8241.159663 0.008774
540 10.648587 711.501571 -2.079527 711.501571 2.109263 8241.159663 0.008774
541 10.648417 711.752108 -2.079528 711.752108 2.109262 8241.159663 0.008774
542 10.648246 712.003289 -2.079529 712.003289 2.109261 8241.159663 0.008774
543 10.648075 712.255118 -2.079530 712.255118 2.109260 8241.159663 0.008774
544 10.647904 712.507599 -2.079531 712.507599 2.109259 8241.159663 0.008774
545 10.647732 712.760734 -2.079532 712.760734 2.109258 8241.159663 0.008774
546 10.647560 713.014529 -2.079533 713.014529 2.109257 8241.159663 0.008774
547 10.647389 713.268985 -2.079535 713.268985 2.109256 8241.159663 0.008774
548 10.647216 713.524107 -2.079536 713.524107 2.109255 8241.159663 0.008774
549 10.647044 713.779898 -2.079537 713.779898 2.109253 8241.159663 0.008774
550 10.646872 714.036362 -2.079538 714.036362 2.109252 8241.159663 0.008774
551 10.646699 714.293504 -2.079539 714.293504 2.109251 8241.159663 0.008774
552 10.646526 714.551325 -2.079540 714.551325 2.109250 8241.159663 0.008774
553 10.646352 714.809832 -2.079541 714.809832 2.109249 8241.159663 0.008774
554 10.646179 715.069027 -2.079542 715.069027 2.109248 8241.159663 0.008774
555 10.646005 715.328914 -2.079543 715.328914 2.109247 8241.159663 0.008774
556 10.645831 715.589497 -2.079545 715.589497 2.109246 8241.159663 0.008774
557 10.645657 715.850780 -2.079546 715.850780 2.109245 8241.159663 0.008774
558 10.645482 716.112767 -2.079547 716.112767 2.109243 8241.159663 0.008774
559 10.645308 716.375463 -2.079548 716.375463 2.109242 8241.159663 0.008774
560 10.645133 716.638871 -2.079549 716.638871 2.109241 8241.159663 0.008774
561 10.644957 716.902995 -2.079550 716.902995 2.109240 8241.159663 0.008774
562 10.644782 717.167840 -2.079551 717.167840 2.109239 8241.159663 0.008774
563 10.644606 717.433410 -2.079552 717.433410 2.109238 8241.159663 0.008774
564 10.644430 717.699708 -2.079554 717.699708 2.109237 8241.159663 0.008774
565 10.644254 717.966741 -2.079555 717.966741 2.109236 8241.159663 0.008774
566 10.644077 718.234511 -2.079556 718.234511 2.109234 8241.159663 0.008774
567 10.643901 718.503023 -2.079557 718.503023 2.109233 8241.159663 0.008774
568 10.643724 718.772282 -2.079558 718.772282 2.109232 8241.159663 0.008774
569 10.643546 719.042292 -2.079559 719.042292 2.109231 8241.159663 0.008774
570 10.643369 719.313058 -2.079560 719.313058 2.109230 8241.159663 0.008774
571 10.643191 719.584584 -2.079561 719.584584 2.109229 8241.159663 0.008774
572 10.643013 719.856875 -2.079563 719.856875 2.109228 8241.159663 0.008774
573 10.642835 720.129935 -2.079564 720.129935 2.109226 8241.159663 0.008774
574 10.642656 720.403770 -2.079565 720.403770 2.109225 8241.159663 0.008774
575 10.642477 720.678384 -2.079566 720.678384 2.109224 8241.159663 0.008774
576 10.642298 720.953782 -2.079567 720.953782 2.109223 8241.159663 0.008774
577 10.642119 721.229969 -2.079568 721.229969 2.109222 8241.159663 0.008774
578 10.641939 721.506949 -2.079570 721.506949 2.109221 8241.159663 0.008774
579 10.641759 721.784729 -2.079571 721.784729 2.109220 8241.159663 0.008774
580 10.641579 722.063312 -2.079572 722.063312 2.109218 8241.159663 0.008774
581 10.641398 722.342704 -2.079573 722.342704 2.109217 8241.159663 0.008774
582 10.641217 722.622911 -2.079574 722.622911 2.109216 8241.159663 0.008774
583 10.641036 722.903937 -2.079575 722.903937 2.109215 8241.159663 0.008774
584 10.640855 723.185787 -2.079577 723.185787 2.109214 8241.159663 0.008774
585 10.640673 723.468468 -2.079578 723.468468 2.109213 8241.159663 0.008774
586 10.640491 723.751983 -2.079579 723.751983 2.109211 8241.159663 0.008774
587 10.640309 724.036340 -2.079580 724.036340 2.109210 8241.159663 0.008774
588 10.640126 724.321543 -2.079581 724.321543 2.109209 8241.159663 0.008774
589 10.639943 724.607598 -2.079582 724.607598 2.109208 8241.159663 0.008774
590 10.639760 724.894510 -2.079584 724.894510 2.109207 8241.159663 0.008774
591 10.639577 725.182286 -2.079585 725.182286 2.109205 8241.159663 0.008774
592 10.639393 725.470931 -2.079586 725.470931 2.109204 8241.159663 0.008774
593 10.639209 725.760451 -2.079587 725.760451 2.109203 8241.159663 0.008774
594 10.639024 726.050852 -2.079588 726.050852 2.109202 8241.159663 0.008774
595 10.638840 726.342139 -2.079590 726.342139 2.109201 8241.159663 0.008774
596 10.638655 726.634319 -2.079591 726.634319 2.109200 8241.159663 0.008774
597 10.638469 726.927398 -2.079592 726.927398 2.109198 8241.159663 0.008774
598 10.638284 727.221382 -2.079593 727.221382 2.109197 8241.159663 0.008774
599 10.638098 727.516278 -2.079594 727.516278 2.109196 8241.159663 0.008774
600 10.637911 727.812091 -2.079595 727.812091 2.109195 8241.159663 0.008774
601 10.637725 728.108829 -2.079597 728.108829 2.109194 8241.159663 0.008774
602 10.637538 728.406497 -2.079598 728.406497 2.109192 8241.159663 0.008774
603 10.637350 728.705102 -2.079599 728.705102 2.109191 8241.159663 0.008774
604 10.637163 729.004650 -2.079600 729.004650 2.109190 8241.159663 0.008774
605 10.636975 729.305150 -2.079602 729.305150 2.109189 8241.159663 0.008774
606 10.636786 729.606606 -2.079603 729.606606 2.109187 8241.159663 0.008774
607 10.636598 729.909027 -2.079604 729.909027 2.109186 8241.159663 0.008774
608 10.636409 730.212418 -2.079605 730.212418 2.109185 8241.159663 0.008774
609 10.636219 730.516788 -2.079606 730.516788 2.109184 8241.159663 0.008774
610 10.636030 730.822143 -2.079608 730.822143 2.109183 8241.159663 0.008774
611 10.635840 731.128490 -2.079609 731.128490 2.109181 8241.159663 0.008774
612 10.635649 731.435837 -2.079610 731.435837 2.109180 8241.159663 0.008774
613 10.635458 731.744192 -2.079611 731.744192 2.109179 8241.159663 0.008774
614 10.635267 732.053560 -2.079613 732.053560 2.109178 8241.159663 0.008774
615 10.635076 732.363951 -2.079614 732.363951 2.109176 8241.159663 0.008774
616 10.634884 732.675372 -2.079615 732.675372 2.109175 8241.159663 0.008774
617 10.634692 732.987831 -2.079616 732.987831 2.109174 8241.159663 0.008774
618 10.634499 733.301334 -2.079618 733.301334 2.109173 8241.159663 0.008774
619 10.634306 733.615892 -2.079619 733.615892 2.109171 8241.159663 0.008774
620 10.634113 733.931510 -2.079620 733.931510 2.109170 8241.159663 0.008774
621 10.633919 734.248198 -2.079621 734.248198 2.109169 8241.159663 0.008774
622 10.633725 734.565964 -2.079623 734.565964 2.109168 8241.159663 0.008774
623 10.633531 734.884817 -2.079624 734.884817 2.109166 8241.159663 0.008774
624 10.633336 735.204764 -2.079625 735.204764 2.109165 8241.159663 0.008774
625 10.633140 735.525814 -2.079626 735.525814 2.109164 8241.159663 0.008774
626 10.632945 735.847976 -2.079628 735.847976 2.109163 8241.159663 0.008774
627 10.632749 736.171260 -2.079629 736.171260 2.109161 8241.159663 0.008774
628 10.632552 736.495672 -2.079630 736.495672 2.109160 8241.159663 0.008774
629 10.632355 736.821224 -2.079631 736.821224 2.109159 8241.159663 0.008774
630 10.632158 737.147924 -2.079633 737.147924 2.109157 8241.159663 0.008774
631 10.631960 737.475780 -2.079634 737.475780 2.109156 8241.159663 0.008774
632 10.631762 737.804804 -2.079635 737.804804 2.109155 8241.159663 0.008774
633 10.631563 738.135003 -2.079637 738.135003 2.109154 8241.159663 0.008774
634 10.631364 738.466388 -2.079638 738.466388 2.109152 8241.159663 0.008774
635 10.631165 738.798969 -2.079639 738.798969 2.109151 8241.159663 0.008774
636 10.630965 739.132755 -2.079640 739.132755 2.109150 8241.159663 0.008774
637 10.630765 739.467757 -2.079642 739.467757 2.109148 8241.159663 0.008774
638 10.630564 739.803985 -2.079643 739.803985 2.109147 8241.159663 0.008774
639 10.630363 740.141449 -2.079644 740.141449 2.109146 8241.159663 0.008774
640 10.630161 740.480159 -2.079646 740.480159 2.109144 8241.159663 0.008774
641 10.629959 740.820127 -2.079647 740.820127 2.109143 8241.159663 0.008774
642 10.629757 741.161362 -2.079648 741.161362 2.109142 8241.159663 0.008774
643 10.629554 741.503876 -2.079650 741.503876 2.109141 8241.159663 0.008774
644 10.629350 741.847681 -2.079651 741.847681 2.109139 8241.159663 0.008774
645 10.629146 742.192786 -2.079652 742.192786 2.109138 8241.159663 0.008774
646 10.628942 742.539204 -2.079654 742.539204 2.109137 8241.159663 0.008774
647 10.628737 742.886946 -2.079655 742.886946 2.109135 8241.159663 0.008774
648 10.628531 743.236024 -2.079656 743.236024 2.109134 8241.159663 0.008774
649 10.628326 743.586450 -2.079658 743.586450 2.109133 8241.159663 0.008774
650 10.628119 743.938236 -2.079659 743.938236 2.109131 8241.159663 0.008774
651 10.627912 744.291393 -2.079660 744.291393 2.109130 8241.159663 0.008774
652 10.627705 744.645935 -2.079662 744.645935 2.109129 8241.159663 0.008774
653 10.627497 745.001874 -2.079663 745.001874 2.109127 8241.159663 0.008774
654 10.627289 745.359223 -2.079664 745.359223 2.109126 8241.159663 0.008774
655 10.627080 745.717995 -2.079666 745.717995 2.109124 8241.159663 0.008774
656 10.626870 746.078202 -2.079667 746.078202 2.109123 8241.159663 0.008774
657 10.626661 746.439859 -2.079668 746.439859 2.109122 8241.159663 0.008774
658 10.626450 746.802979 -2.079670 746.802979 2.109120 8241.159663 0.008774
659 10.626239 747.167575 -2.079671 747.167575 2.109119 8241.159663 0.008774
660 10.626028 747.533662 -2.079673 747.533662 2.109118 8241.159663 0.008774
661 10.625815 747.901254 -2.079674 747.901254 2.109116 8241.159663 0.008774
662 10.625603 748.270365 -2.079675 748.270365 2.109115 8241.159663 0.008774
663 10.625390 748.641010 -2.079677 748.641010 2.109113 8241.159663 0.008774
664 10.625176 749.013203 -2.079678 749.013203 2.109112 8241.159663 0.008774
665 10.624961 749.386961 -2.079680 749.386961 2.109111 8241.159663 0.008774
666 10.624746 749.762297 -2.079681 749.762297 2.109109 8241.159663 0.008774
667 10.624531 750.139228 -2.079682 750.139228 2.109108 8241.159663 0.008774
668 10.624315 750.517770 -2.079684 750.517770 2.109106 8241.159663 0.008774
669 10.624098 750.897939 -2.079685 750.897939 2.109105 8241.159663 0.008774
670 10.623881 751.279750 -2.079687 751.279750 2.109104 8241.159663 0.008774
671 10.623663 751.663221 -2.079688 751.663221 2.109102 8241.159663 0.008774
672 10.623445 752.048368 -2.079689 752.048368 2.109101 8241.159663 0.008774
673 10.623225 752.435209 -2.079691 752.435209 2.109099 8241.159663 0.008774
674 10.623006 752.823761 -2.079692 752.823761 2.109098 8241.159663 0.008774
675 10.622785 753.214042 -2.079694 753.214042 2.109096 8241.159663 0.008774
676 10.622564 753.606069 -2.079695 753.606069 2.109095 8241.159663 0.008774
677 10.622343 753.999861 -2.079697 753.999861 2.109094 8241.159663 0.008774
678 10.622120 754.395437 -2.079698 754.395437 2.109092 8241.159663 0.008774
679 10.621897 754.792816 -2.079700 754.792816 2.109091 8241.159663 0.008774
680 10.621674 755.192016 -2.079701 755.192016 2.109089 8241.159663 0.008774
681 10.621449 755.593058 -2.079702 755.593058 2.109088 8241.159663 0.008774
682 10.621224 755.995961 -2.079704 755.995961 2.109086 8241.159663 0.008774
683 10.620999 756.400746 -2.079705 756.400746 2.109085 8241.159663 0.008774
684 10.620772 756.807433 -2.079707 756.807433 2.109083 8241.159663 0.008774
685 10.620545 757.216043 -2.079708 757.216043 2.109082 8241.159663 0.008774
686 10.620317 757.626598 -2.079710 757.626598 2.109080 8241.159663 0.008774
687 10.620089 758.039119 -2.079711 758.039119 2.109079 8241.159663 0.008774
688 10.619860 758.453628 -2.079713 758.453628 2.109077 8241.159663 0.008774
689 10.619630 758.870149 -2.079714 758.870149 2.109076 8241.159663 0.008774
690 10.619399 759.288703 -2.079716 759.288703 2.109074 8241.159663 0.008774
691 10.619167 759.709314 -2.079717 759.709314 2.109073 8241.159663 0.008774
692 10.618935 760.132007 -2.079719 760.132007 2.109071 8241.159663 0.008774
693 10.618702 760.556805 -2.079720 760.556805 2.109070 8241.159663 0.008774
694 10.618468 760.983732 -2.079722 760.983732 2.109068 8241.159663 0.008774
695 10.618233 761.412815 -2.079723 761.412815 2.109067 8241.159663 0.008774
696 10.617998 761.844078 -2.079725 761.844078 2.109065 8241.159663 0.008774
697 10.617762 762.277548 -2.079727 762.277548 2.109064 8241.159663 0.008774
698 10.617525 762.713251 -2.079728 762.713251 2.109062 8241.159663 0.008774
699 10.617287 763.151214 -2.079730 763.151214 2.109061 8241.159663 0.008774
700 10.617048 763.591466 -2.079731 763.591466 2.109059 8241.159663 0.008774
701 10.616809 764.034033 -2.079733 764.034033 2.109057 8241.159663 0.008774
702 10.616568 764.478945 -2.079734 764.478945 2.109056 8241.159663 0.008774
703 10.616327 764.926232 -2.079736 764.926232 2.109054 8241.159663 0.008774
704 10.616085 765.375922 -2.079738 765.375922 2.109053 8241.159663 0.008774
705 10.615841 765.828047 -2.079739 765.828047 2.109051 8241.159663 0.008774
706 10.615597 766.282637 -2.079741 766.282637 2.109049 8241.159663 0.008774
707 10.615352 766.739725 -2.079742 766.739725 2.109048 8241.159663 0.008774
708 10.615107 767.199341 -2.079744 767.199341 2.109046 8241.159663 0.008774
709 10.614860 767.661521 -2.079746 767.661521 2.109045 8241.159663 0.008774
710 10.614612 768.126296 -2.079747 768.126296 2.109043 8241.159663 0.008774
711 10.614363 768.593702 -2.079749 768.593702 2.109041 8241.159663 0.008774
712 10.614113 769.063774 -2.079750 769.063774 2.109040 8241.159663 0.008774
713 10.613863 769.536548 -2.079752 769.536548 2.109038 8241.159663 0.008774
714 10.613611 770.012059 -2.079754 770.012059 2.109036 8241.159663 0.008774
715 10.613358 770.490346 -2.079755 770.490346 2.109035 8241.159663 0.008774
716 10.613104 770.971447 -2.079757 770.971447 2.109033 8241.159663 0.008774
717 10.612850 771.455401 -2.079759 771.455401 2.109032 8241.159663 0.008774
718 10.612594 771.942248 -2.079760 771.942248 2.109030 8241.159663 0.008774
719 10.612337 772.432029 -2.079762 772.432029 2.109028 8241.159663 0.008774
720 10.612078 772.924785 -2.079764 772.924785 2.109026 8241.159663 0.008774
721 10.611819 773.420559 -2.079765 773.420559 2.109025 8241.159663 0.008774
722 10.611559 773.919394 -2.079767 773.919394 2.109023 8241.159663 0.008774
723 10.611297 774.421336 -2.079769 774.421336 2.109021 8241.159663 0.008774
724 10.611035 774.926430 -2.079771 774.926430 2.109020 8241.159663 0.008774
725 10.610771 775.434723 -2.079772 775.434723 2.109018 8241.159663 0.008774
726 10.610506 775.946263 -2.079774 775.946263 2.109016 8241.159663 0.008774
727 10.610240 776.461098 -2.079776 776.461098 2.109014 8241.159663 0.008774
728 10.609972 776.979278 -2.079778 776.979278 2.109013 8241.159663 0.008774
729 10.609703 777.500856 -2.079779 777.500856 2.109011 8241.159663 0.008774
730 10.609433 778.025883 -2.079781 778.025883 2.109009 8241.159663 0.008774
731 10.609162 778.554414 -2.079783 778.554414 2.109007 8241.159663 0.008774
732 10.608889 779.086504 -2.079785 779.086504 2.109006 8241.159663 0.008774
733 10.608615 779.622209 -2.079786 779.622209 2.109004 8241.159663 0.008774
734 10.608340 780.161587 -2.079788 780.161587 2.109002 8241.159663 0.008774
735 10.608063 780.704699 -2.079790 780.704699 2.109000 8241.159663 0.008774
736 10.607785 781.251604 -2.079792 781.251604 2.108998 8241.159663 0.008774
737 10.607505 781.802365 -2.079794 781.802365 2.108997 8241.159663 0.008774
738 10.607224 782.357047 -2.079795 782.357047 2.108995 8241.159663 0.008774
739 10.606942 782.915716 -2.079797 782.915716 2.108993 8241.159663 0.008774
740 10.606658 783.478439 -2.079799 783.478439 2.108991 8241.159663 0.008774
741 10.606372 784.045286 -2.079801 784.045286 2.108989 8241.159663 0.008774
742 10.606085 784.616328 -2.079803 784.616328 2.108987 8241.159663 0.008774
743 10.605797 785.191638 -2.079805 785.191638 2.108985 8241.159663 0.008774
744 10.605507 785.771292 -2.079807 785.771292 2.108984 8241.159663 0.008774
745 10.605215 786.355367 -2.079809 786.355367 2.108982 8241.159663 0.008774
746 10.604921 786.943944 -2.079811 786.943944 2.108980 8241.159663 0.008774
747 10.604626 787.537103 -2.079812 787.537103 2.108978 8241.159663 0.008774
748 10.604329 788.134928 -2.079814 788.134928 2.108976 8241.159663 0.008774
749 10.604030 788.737508 -2.079816 788.737508 2.108974 8241.159663 0.008774
750 10.603730 789.344931 -2.079818 789.344931 2.108972 8241.159663 0.008774
751 10.603427 789.957288 -2.079820 789.957288 2.108970 8241.159663 0.008774
752 10.603123 790.574675 -2.079822 790.574675 2.108968 8241.159663 0.008774
753 10.602817 791.197189 -2.079824 791.197189 2.108966 8241.159663 0.008774
754 10.602509 791.824930 -2.079826 791.824930 2.108964 8241.159663 0.008774
755 10.602199 792.458002 -2.079828 792.458002 2.108962 8241.159663 0.008774
756 10.601887 793.096513 -2.079830 793.096513 2.108960 8241.159663 0.008774
757 10.601573 793.740571 -2.079832 793.740571 2.108958 8241.159663 0.008774
758 10.601257 794.390291 -2.079834 794.390291 2.108956 8241.159663 0.008774
759 10.600939 795.045791 -2.079837 795.045791 2.108954 8241.159663 0.008774
760 10.600619 795.707191 -2.079839 795.707191 2.108952 8241.159663 0.008774
761 10.600296 796.374617 -2.079841 796.374617 2.108950 8241.159663 0.008774
762 10.599971 797.048199 -2.079843 797.048199 2.108947 8241.159663 0.008774
763 10.599644 797.728070 -2.079845 797.728070 2.108945 8241.159663 0.008774
764 10.599314 798.414368 -2.079847 798.414368 2.108943 8241.159663 0.008774
765 10.598982 799.107238 -2.079849 799.107238 2.108941 8241.159663 0.008774
766 10.598648 799.806827 -2.079851 799.806827 2.108939 8241.159663 0.008774
767 10.598311 800.513290 -2.079854 800.513290 2.108937 8241.159663 0.008774
768 10.597971 801.226784 -2.079856 801.226784 2.108934 8241.159663 0.008774
769 10.597629 801.947476 -2.079858 801.947476 2.108932 8241.159663 0.008774
770 10.597284 802.675537 -2.079860 802.675537 2.108930 8241.159663 0.008774
771 10.596937 803.411143 -2.079863 803.411143 2.108928 8241.159663 0.008774
772 10.596586 804.154479 -2.079865 804.154479 2.108925 8241.159663 0.008774
773 10.596233 804.905738 -2.079867 804.905738 2.108923 8241.159663 0.008774
774 10.595876 805.665116 -2.079869 805.665116 2.108921 8241.159663 0.008774
775 10.595517 806.432822 -2.079872 806.432822 2.108918 8241.159663 0.008774
776 10.595154 807.209071 -2.079874 807.209071 2.108916 8241.159663 0.008774
777 10.594789 807.994086 -2.079877 807.994086 2.108914 8241.159663 0.008774
778 10.594420 808.788100 -2.079879 808.788100 2.108911 8241.159663 0.008774
779 10.594047 809.591356 -2.079881 809.591356 2.108909 8241.159663 0.008774
780 10.593671 810.404108 -2.079884 810.404108 2.108906 8241.159663 0.008774
781 10.593292 811.226619 -2.079886 811.226619 2.108904 8241.159663 0.008774
782 10.592909 812.059166 -2.079889 812.059166 2.108902 8241.159663 0.008774
783 10.592522 812.902037 -2.079891 812.902037 2.108899 8241.159663 0.008774
784 10.592131 813.755533 -2.079894 813.755533 2.108896 8241.159663 0.008774
785 10.591736 814.619969 -2.079896 814.619969 2.108894 8241.159663 0.008774
786 10.591337 815.495676 -2.079899 815.495676 2.108891 8241.159663 0.008774
787 10.590934 816.382997 -2.079901 816.382997 2.108889 8241.159663 0.008774
788 10.590527 817.282297 -2.079904 817.282297 2.108886 8241.159663 0.008774
789 10.590115 818.193956 -2.079907 818.193956 2.108883 8241.159663 0.008774
790 10.589698 819.118372 -2.079909 819.118372 2.108881 8241.159663 0.008774
791 10.589277 820.055965 -2.079912 820.055965 2.108878 8241.159663 0.008774
792 10.588851 821.007178 -2.079915 821.007178 2.108875 8241.159663 0.008774
793 10.588419 821.972474 -2.079918 821.972474 2.108873 8241.159663 0.008774
794 10.587983 822.952345 -2.079920 822.952345 2.108870 8241.159663 0.008774
795 10.587541 823.947308 -2.079923 823.947308 2.108867 8241.159663 0.008774
796 10.587093 824.957909 -2.079926 824.957909 2.108864 8241.159663 0.008774
797 10.586639 825.984725 -2.079929 825.984725 2.108861 8241.159663 0.008774
798 10.586179 827.028367 -2.079932 827.028367 2.108858 8241.159663 0.008774
799 10.585713 828.089485 -2.079935 828.089485 2.108855 8241.159663 0.008774
800 10.585241 829.168765 -2.079938 829.168765 2.108852 8241.159663 0.008774
801 10.584762 830.266937 -2.079941 830.266937 2.108849 8241.159663 0.008774
802 10.584275 831.384779 -2.079944 831.384779 2.108846 8241.159663 0.008774
803 10.583782 832.523118 -2.079947 832.523118 2.108843 8241.159663 0.008774
804 10.583280 833.682838 -2.079951 833.682838 2.108840 8241.159663 0.008774
805 10.582771 834.864882 -2.079954 834.864882 2.108836 8241.159663 0.008774
806 10.582253 836.070259 -2.079957 836.070259 2.108833 8241.159663 0.008774
807 10.581726 837.300052 -2.079960 837.300052 2.108830 8241.159663 0.008774
808 10.581191 838.555423 -2.079964 838.555423 2.108826 8241.159663 0.008774
809 10.580646 839.837621 -2.079967 839.837621 2.108823 8241.159663 0.008774
810 10.580091 841.147995 -2.079971 841.147995 2.108819 8241.159663 0.008774
811 10.579525 842.488000 -2.079974 842.488000 2.108816 8241.159663 0.008774
812 10.578948 843.859210 -2.079978 843.859210 2.108812 8241.159663 0.008774
813 10.578360 845.263335 -2.079982 845.263335 2.108808 8241.159663 0.008774
814 10.577759 846.702233 -2.079986 846.702233 2.108805 8241.159663 0.008774
815 10.577145 848.177929 -2.079989 848.177929 2.108801 8241.159663 0.008774
816 10.576517 849.692640 -2.079993 849.692640 2.108797 8241.159663 0.008774
817 10.575875 851.248792 -2.079997 851.248792 2.108793 8241.159663 0.008774
818 10.575218 852.849056 -2.080002 852.849056 2.108789 8241.159663 0.008774
819 10.574543 854.496379 -2.080006 854.496379 2.108784 8241.159663 0.008774
820 10.573852 856.194024 -2.080010 856.194024 2.108780 8241.159663 0.008774
821 10.573141 857.945618 -2.080015 857.945618 2.108776 8241.159663 0.008774
822 10.572410 859.755209 -2.080019 859.755209 2.108771 8241.159663 0.008774
823 10.571657 861.627334 -2.080024 861.627334 2.108766 8241.159663 0.008774
824 10.570881 863.567106 -2.080029 863.567106 2.108762 8241.159663 0.008774
825 10.570079 865.580312 -2.080034 865.580312 2.108757 8241.159663 0.008774
826 10.569250 867.673546 -2.080039 867.673546 2.108752 8241.159663 0.008774
827 10.568390 869.854361 -2.080044 869.854361 2.108746 8241.159663 0.008774
828 10.567497 872.131473 -2.080049 872.131473 2.108741 8241.159663 0.008774
829 10.566568 874.515019 -2.080055 874.515019 2.108735 8241.159663 0.008774
830 10.565598 877.016880 -2.080061 877.016880 2.108729 8241.159663 0.008774
831 10.564583 879.651125 -2.080067 879.651125 2.108723 8241.159663 0.008774
832 10.563517 882.434584 -2.080074 882.434584 2.108717 8241.159663 0.008774
833 10.562393 885.387638 -2.080080 885.387638 2.108710 8241.159663 0.008774
834 10.561204 888.535316 -2.080087 888.535316 2.108703 8241.159663 0.008774
835 10.559938 891.908846 -2.080095 891.908846 2.108695 8241.159663 0.008774
836 10.558583 895.547939 -2.080103 895.547939 2.108687 8241.159663 0.008774
837 10.557123 899.504221 -2.080111 899.504221 2.108679 8241.159663 0.008774
838 10.555534 903.846647 -2.080121 903.846647 2.108669 8241.159663 0.008774
