20 10.707180 1571.675220 2.108550 1571.675220 -2.080240 8241.159663 0.008774
21 10.707180 1571.656862 2.108550 1571.656862 -2.080240 8241.159663 0.008774
22 10.707179 1571.637688 2.108550 1571.637688 -2.080240 8241.159663 0.008774
23 10.707177 1571.617691 2.108550 1571.617691 -2.080240 8241.159663 0.008774
24 10.707176 1571.596867 2.108550 1571.596867 -2.080240 8241.159663 0.008774
25 10.707174 1571.575212 2.108550 1571.575212 -2.080240 8241.159663 0.008774
26 10.707172 1571.552719 2.108550 1571.552719 -2.080240 8241.159663 0.008774
27 10.707170 1571.529385 2.108550 1571.529385 -2.080240 8241.159663 0.008774
28 10.707167 1571.505203 2.108550 1571.505203 -2.080240 8241.159663 0.008774
29 10.707164 1571.480169 2.108550 1571.480169 -2.080240 8241.159663 0.008774
30 10.707161 1571.454279 2.108550 1571.454279 -2.080240 8241.159663 0.008774
31 10.707157 1571.427527 2.108550 1571.427527 -2.080240 8241.159663 0.008774
32 10.707153 1571.399909 2.108550 1571.399909 -2.080240 8241.159663 0.008774
33 10.707149 1571.371420 2.108550 1571.371420 -2.080240 8241.159663 0.008774
34 10.707143 1571.342056 2.108550 1571.342056 -2.080241 8241.159663 0.008774
35 10.707138 1571.311812 2.108550 1571.311812 -2.080241 8241.159663 0.008774
36 10.707132 1571.280686 2.108550 1571.280686 -2.080241 8241.159663 0.008774
37 10.707125 1571.248672 2.108549 1571.248672 -2.080241 8241.159663 0.008774
38 10.707118 1571.215767 2.108549 1571.215767 -2.080241 8241.159663 0.008774
39 10.707110 1571.181968 2.108549 1571.181968 -2.080241 8241.159663 0.008774
40 10.707102 1571.147271 2.108549 1571.147271 -2.080241 8241.159663 0.008774
41 10.707093 1571.111675 2.108549 1571.111675 -2.080241 8241.159663 0.008774
42 10.707083 1571.075175 2.108549 1571.075175 -2.080241 8241.159663 0.008774
43 10.707073 1571.037769 2.108549 1571.037769 -2.080241 8241.159663 0.008774
44 10.707062 1570.999456 2.108549 1570.999456 -2.080241 8241.159663 0.008774
45 10.707051 1570.960234 2.108549 1570.960234 -2.080242 8241.159663 0.008774
46 10.707038 1570.920101 2.108549 1570.920101 -2.080242 8241.159663 0.008774
47 10.707026 1570.879056 2.108548 1570.879056 -2.080242 8241.159663 0.008774
48 10.707012 1570.837098 2.108548 1570.837098 -2.080242 8241.159663 0.008774
49 10.706998 1570.794226 2.108548 1570.794226 -2.080242 8241.159663 0.008774
50 10.706982 1570.750441 2.108548 1570.750441 -2.080242 8241.159663 0.008774
51 10.706967 1570.705743 2.108548 1570.705743 -2.080242 8241.159663 0.008774
52 10.706950 1570.660132 2.108548 1570.660132 -2.080242 8241.159663 0.008774
53 10.706933 1570.613609 2.108548 1570.613609 -2.080242 8241.159663 0.008774
54 10.706915 1570.566176 2.108548 1570.566176 -2.080243 8241.159663 0.008774
55 10.706896 1570.517834 2.108547 1570.517834 -2.080243 8241.159663 0.008774
56 10.706876 1570.468585 2.108547 1570.468585 -2.080243 8241.159663 0.008774
57 10.706856 1570.418431 2.108547 1570.418431 -2.080243 8241.159663 0.008774
58 10.706835 1570.367376 2.108547 1570.367376 -2.080243 8241.159663 0.008774
59 10.706813 1570.315422 2.108547 1570.315422 -2.080243 8241.159663 0.008774
60 10.706790 1570.262572 2.108547 1570.262572 -2.080243 8241.159663 0.008774
61 10.706766 1570.208830 2.108547 1570.208830 -2.080244 8241.159663 0.008774
62 10.706742 1570.154201 2.108547 1570.154201 -2.080244 8241.159663 0.008774
63 10.706717 1570.098688 2.108546 1570.098688 -2.080244 8241.159663 0.008774
64 10.706691 1570.042296 2.108546 1570.042296 -2.080244 8241.159663 0.008774
65 10.706664 1569.985030 2.108546 1569.985030 -2.080244 8241.159663 0.008774
66 10.706636 1569.926896 2.108546 1569.926896 -2.080244 8241.159663 0.008774
67 10.706608 1569.867898 2.108546 1569.867898 -2.080244 8241.159663 0.008774
68 10.706579 1569.808042 2.108546 1569.808042 -2.080245 8241.159663 0.008774
69 10.706548 1569.747334 2.108545 1569.747334 -2.080245 8241.159663 0.008774
70 10.706517 1569.685781 2.108545 1569.685781 -2.080245 8241.159663 0.008774
71 10.706486 1569.623388 2.108545 1569.623388 -2.080245 8241.159663 0.008774
72 10.706453 1569.560163 2.108545 1569.560163 -2.080245 8241.159663 0.008774
73 10.706420 1569.496111 2.108545 1569.496111 -2.080245 8241.159663 0.008774
74 10.706386 1569.431240 2.108545 1569.431240 -2.080246 8241.159663 0.008774
75 10.706351 1569.365558 2.108544 1569.365558 -2.080246 8241.159663 0.008774
76 10.706315 1569.299070 2.108544 1569.299070 -2.080246 8241.159663 0.008774
77 10.706278 1569.231785 2.108544 1569.231785 -2.080246 8241.159663 0.008774
78 10.706240 1569.163710 2.108544 1569.163710 -2.080246 8241.159663 0.008774
79 10.706202 1569.094853 2.108544 1569.094853 -2.080247 8241.159663 0.008774
80 10.706163 1569.025221 2.108543 1569.025221 -2.080247 8241.159663 0.008774
81 10.706123 1568.954822 2.108543 1568.954822 -2.080247 8241.159663 0.008774
82 10.706082 1568.883664 2.108543 1568.883664 -2.080247 8241.159663 0.008774
83 10.706041 1568.811755 2.108543 1568.811755 -2.080247 8241.159663 0.008774
84 10.705999 1568.739103 2.108543 1568.739103 -2.080248 8241.159663 0.008774
85 10.705955 1568.665717 2.108542 1568.665717 -2.080248 8241.159663 0.008774
86 10.705911 1568.591603 2.108542 1568.591603 -2.080248 8241.159663 0.008774
87 10.705867 1568.516771 2.108542 1568.516771 -2.080248 8241.159663 0.008774
88 10.705821 1568.441228 2.108542 1568.441228 -2.080248 8241.159663 0.008774
89 10.705775 1568.364983 2.108542 1568.364983 -2.080249 8241.159663 0.008774
90 10.705728 1568.288044 2.108541 1568.288044 -2.080249 8241.159663 0.008774
91 10.705680 1568.210419 2.108541 1568.210419 -2.080249 8241.159663 0.008774
92 10.705631 1568.132117 2.108541 1568.132117 -2.080249 8241.159663 0.008774
93 10.705582 1568.053144 2.108541 1568.053144 -2.080249 8241.159663 0.008774
94 10.705532 1567.973511 2.108541 1567.973511 -2.080250 8241.159663 0.008774
95 10.705481 1567.893224 2.108540 1567.893224 -2.080250 8241.159663 0.008774
96 10.705429 1567.812293 2.108540 1567.812293 -2.080250 8241.159663 0.008774
97 10.705376 1567.730724 2.108540 1567.730724 -2.080250 8241.159663 0.008774
98 10.705323 1567.648527 2.108540 1567.648527 -2.080251 8241.159663 0.008774
99 10.705269 1567.565709 2.108539 1567.565709 -2.080251 8241.159663 0.008774
100 10.705214 1567.482277 2.108539 1567.482277 -2.080251 8241.159663 0.008774
101 10.705159 1567.398241 2.108539 1567.398241 -2.080251 8241.159663 0.008774
102 10.705103 1567.313607 2.108539 1567.313607 -2.080251 8241.159663 0.008774
103 10.705046 1567.228385 2.108539 1567.228385 -2.080252 8241.159663 0.008774
104 10.704988 1567.142580 2.108538 1567.142580 -2.080252 8241.159663 0.008774
105 10.704930 1567.056202 2.108538 1567.056202 -2.080252 8241.159663 0.008774
106 10.704871 1566.969257 2.108538 1566.969257 -2.080252 8241.159663 0.008774
107 10.704811 1566.881753 2.108538 1566.881753 -2.080253 8241.159663 0.008774
108 10.704750 1566.793698 2.108537 1566.793698 -2.080253 8241.159663 0.008774
109 10.704689 1566.705099 2.108537 1566.705099 -2.080253 8241.159663 0.008774
110 10.704627 1566.615963 2.108537 1566.615963 -2.080253 8241.159663 0.008774
111 10.704565 1566.526298 2.108537 1566.526298 -2.080254 8241.159663 0.008774
112 10.704501 1566.436111 2.108536 1566.436111 -2.080254 8241.159663 0.008774
113 10.704437 1566.345408 2.108536 1566.345408 -2.080254 8241.159663 0.008774
114 10.704373 1566.254197 2.108536 1566.254197 -2.080254 8241.159663 0.008774
115 10.704307 1566.162485 2.108536 1566.162485 -2.080255 8241.159663 0.008774
116 10.704241 1566.070278 2.108535 1566.070278 -2.080255 8241.159663 0.008774
117 10.704175 1565.977584 2.108535 1565.977584 -2.080255 8241.159663 0.008774
118 10.704107 1565.884408 2.108535 1565.884408 -2.080255 8241.159663 0.008774
119 10.704039 1565.790758 2.108535 1565.790758 -2.080256 8241.159663 0.008774
120 10.703971 1565.696640 2.108534 1565.696640 -2.080256 8241.159663 0.008774
121 10.703901 1565.602060 2.108534 1565.602060 -2.080256 8241.159663 0.008774
122 10.703831 1565.507025 2.108534 1565.507025 -2.080256 8241.159663 0.008774
123 10.703761 1565.411540 2.108533 1565.411540 -2.080257 8241.159663 0.008774
124 10.703690 1565.315613 2.108533 1565.315613 -2.080257 8241.159663 0.008774
125 10.703618 1565.219249 2.108533 1565.219249 -2.080257 8241.159663 0.008774
126 10.703545 1565.122454 2.108533 1565.122454 -2.080258 8241.159663 0.008774
127 10.703472 1565.025233 2.108532 1565.025233 -2.080258 8241.159663 0.008774
128 10.703399 1564.927594 2.108532 1564.927594 -2.080258 8241.159663 0.008774
129 10.703324 1564.829541 2.108532 1564.829541 -2.080258 8241.159663 0.008774
130 10.703250 1564.731080 2.108532 1564.731080 -2.080259 8241.159663 0.008774
131 10.703174 1564.632217 2.108531 1564.632217 -2.080259 8241.159663 0.008774
132 10.703098 1564.532956 2.108531 1564.532956 -2.080259 8241.159663 0.008774
133 10.703021 1564.433304 2.108531 1564.433304 -2.080259 8241.159663 0.008774
134 10.702944 1564.333266 2.108530 1564.333266 -2.080260 8241.159663 0.008774
135 10.702866 1564.232847 2.108530 1564.232847 -2.080260 8241.159663 0.008774
136 10.702788 1564.132052 2.108530 1564.132052 -2.080260 8241.159663 0.008774
137 10.702709 1564.030886 2.108530 1564.030886 -2.080261 8241.159663 0.008774
138 10.702629 1563.929355 2.108529 1563.929355 -2.080261 8241.159663 0.008774
139 10.702549 1563.827462 2.108529 1563.827462 -2.080261 8241.159663 0.008774
140 10.702468 1563.725213 2.108529 1563.725213 -2.080261 8241.159663 0.008774
141 10.702387 1563.622613 2.108528 1563.622613 -2.080262 8241.159663 0.008774
142 10.702305 1563.519666 2.108528 1563.519666 -2.080262 8241.159663 0.008774
143 10.702223 1563.416377 2.108528 1563.416377 -2.080262 8241.159663 0.008774
144 10.702140 1563.312751 2.108528 1563.312751 -2.080263 8241.159663 0.008774
145 10.702057 1563.208791 2.108527 1563.208791 -2.080263 8241.159663 0.008774
146 10.701973 1563.104502 2.108527 1563.104502 -2.080263 8241.159663 0.008774
147 10.701888 1562.999889 2.108527 1562.999889 -2.080264 8241.159663 0.008774
148 10.701804 1562.894955 2.108526 1562.894955 -2.080264 8241.159663 0.008774
149 10.701718 1562.789706 2.108526 1562.789706 -2.080264 8241.159663 0.008774
150 10.701632 1562.684144 2.108526 1562.684144 -2.080264 8241.159663 0.008774
151 10.701545 1562.578275 2.108525 1562.578275 -2.080265 8241.159663 0.008774
152 10.701458 1562.472101 2.108525 1562.472101 -2.080265 8241.159663 0.008774
153 10.701371 1562.365627 2.108525 1562.365627 -2.080265 8241.159663 0.008774
154 10.701283 1562.258857 2.108525 1562.258857 -2.080266 8241.159663 0.008774
155 10.701194 1562.151795 2.108524 1562.151795 -2.080266 8241.159663 0.008774
156 10.701105 1562.044443 2.108524 1562.044443 -2.080266 8241.159663 0.008774
157 10.701016 1561.936806 2.108524 1561.936806 -2.080267 8241.159663 0.008774
158 10.700926 1561.828888 2.108523 1561.828888 -2.080267 8241.159663 0.008774
159 10.700835 1561.720692 2.108523 1561.720692 -2.080267 8241.159663 0.008774
160 10.700744 1561.612221 2.108523 1561.612221 -2.080268 8241.159663 0.008774
161 10.700653 1561.503478 2.108522 1561.503478 -2.080268 8241.159663 0.008774
162 10.700561 1561.394468 2.108522 1561.394468 -2.080268 8241.159663 0.008774
163 10.700469 1561.285193 2.108522 1561.285193 -2.080268 8241.159663 0.008774
164 10.700376 1561.175656 2.108521 1561.175656 -2.080269 8241.159663 0.008774
165 10.700283 1561.065862 2.108521 1561.065862 -2.080269 8241.159663 0.008774
166 10.700189 1560.955812 2.108521 1560.955812 -2.080269 8241.159663 0.008774
167 10.700095 1560.845510 2.108520 1560.845510 -2.080270 8241.159663 0.008774
168 10.700000 1560.734960 2.108520 1560.734960 -2.080270 8241.159663 0.008774
169 10.699905 1560.624163 2.108520 1560.624163 -2.080270 8241.159663 0.008774
170 10.699810 1560.513123 2.108519 1560.513123 -2.080271 8241.159663 0.008774
171 10.699714 1560.401842 2.108519 1560.401842 -2.080271 8241.159663 0.008774
172 10.699617 1560.290324 2.108519 1560.290324 -2.080271 8241.159663 0.008774
173 10.699521 1560.178572 2.108518 1560.178572 -2.080272 8241.159663 0.008774
174 10.699423 1560.066587 2.108518 1560.066587 -2.080272 8241.159663 0.008774
175 10.699326 1559.954374 2.108518 1559.954374 -2.080272 8241.159663 0.008774
176 10.699228 1559.841933 2.108517 1559.841933 -2.080273 8241.159663 0.008774
177 10.699129 1559.729268 2.108517 1559.729268 -2.080273 8241.159663 0.008774
178 10.699030 1559.616382 2.108517 1559.616382 -2.080273 8241.159663 0.008774
179 10.698931 1559.503277 2.108516 1559.503277 -2.080274 8241.159663 0.008774
180 10.698831 1559.389955 2.108516 1559.389955 -2.080274 8241.159663 0.008774
181 10.698731 1559.276419 2.108516 1559.276419 -2.080274 8241.159663 0.008774
182 10.698631 1559.162671 2.108515 1559.162671 -2.080275 8241.159663 0.008774
183 10.698530 1559.048713 2.108515 1559.048713 -2.080275 8241.159663 0.008774
184 10.698429 1558.934548 2.108515 1558.934548 -2.080275 8241.159663 0.008774
185 10.698327 1558.820179 2.108514 1558.820179 -2.080276 8241.159663 0.008774
186 10.698225 1558.705606 2.108514 1558.705606 -2.080276 8241.159663 0.008774
187 10.698123 1558.590833 2.108514 1558.590833 -2.080276 8241.159663 0.008774
188 10.698020 1558.475861 2.108513 1558.475861 -2.080277 8241.159663 0.008774
189 10.697917 1558.360693 2.108513 1558.360693 -2.080277 8241.159663 0.008774
190 10.697813 1558.245331 2.108513 1558.245331 -2.080277 8241.159663 0.008774
191 10.697709 1558.129776 2.108512 1558.129776 -2.080278 8241.159663 0.008774
192 10.697605 1558.014032 2.108512 1558.014032 -2.080278 8241.159663 0.008774
193 10.697500 1557.898098 2.108512 1557.898098 -2.080279 8241.159663 0.008774
194 10.697395 1557.781979 2.108511 1557.781979 -2.080279 8241.159663 0.008774
195 10.697290 1557.665675 2.108511 1557.665675 -2.080279 8241.159663 0.008774
196 10.697184 1557.549188 2.108511 1557.549188 -2.080280 8241.159663 0.008774
197 10.697078 1557.432520 2.108510 1557.432520 -2.080280 8241.159663 0.008774
198 10.696972 1557.315673 2.108510 1557.315673 -2.080280 8241.159663 0.008774
199 10.696865 1557.198650 2.108510 1557.198650 -2.080281 8241.159663 0.008774
200 10.696758 1557.081450 2.108509 1557.081450 -2.080281 8241.159663 0.008774
201 10.696650 1556.964077 2.108509 1556.964077 -2.080281 8241.159663 0.008774
202 10.696543 1556.846531 2.108508 1556.846531 -2.080282 8241.159663 0.008774
203 10.696434 1556.728815 2.108508 1556.728815 -2.080282 8241.159663 0.008774
204 10.696326 1556.610931 2.108508 1556.610931 -2.080282 8241.159663 0.008774
205 10.696217 1556.492878 2.108507 1556.492878 -2.080283 8241.159663 0.008774
206 10.696108 1556.374661 2.108507 1556.374661 -2.080283 8241.159663 0.008774
207 10.695999 1556.256279 2.108507 1556.256279 -2.080284 8241.159663 0.008774
208 10.695889 1556.137734 2.108506 1556.137734 -2.080284 8241.159663 0.008774
209 10.695779 1556.019028 2.108506 1556.019028 -2.080284 8241.159663 0.008774
210 10.695668 1555.900162 2.108506 1555.900162 -2.080285 8241.159663 0.008774
211 10.695557 1555.781138 2.108505 1555.781138 -2.080285 8241.159663 0.008774
212 10.695446 1555.661957 2.108505 1555.661957 -2.080285 8241.159663 0.008774
213 10.695335 1555.542621 2.108504 1555.542621 -2.080286 8241.159663 0.008774
214 10.695223 1555.423131 2.108504 1555.423131 -2.080286 8241.159663 0.008774
215 10.695111 1555.303487 2.108504 1555.303487 -2.080287 8241.159663 0.008774
216 10.694999 1555.183693 2.108503 1555.183693 -2.080287 8241.159663 0.008774
217 10.694886 1555.063748 2.108503 1555.063748 -2.080287 8241.159663 0.008774
218 10.694774 1554.943654 2.108503 1554.943654 -2.080288 8241.159663 0.008774
219 10.694660 1554.823412 2.108502 1554.823412 -2.080288 8241.159663 0.008774
220 10.694547 1554.703024 2.108502 1554.703024 -2.080288 8241.159663 0.008774
221 10.694433 1554.582491 2.108501 1554.582491 -2.080289 8241.159663 0.008774
222 10.694319 1554.461814 2.108501 1554.461814 -2.080289 8241.159663 0.008774
223 10.694205 1554.340994 2.108501 1554.340994 -2.080290 8241.159663 0.008774
224 10.694090 1554.220032 2.108500 1554.220032 -2.080290 8241.159663 0.008774
225 10.693975 1554.098929 2.108500 1554.098929 -2.080290 8241.159663 0.008774
226 10.693860 1553.977687 2.108500 1553.977687 -2.080291 8241.159663 0.008774
227 10.693744 1553.856307 2.108499 1553.856307 -2.080291 8241.159663 0.008774
228 10.693629 1553.734789 2.108499 1553.734789 -2.080291 8241.159663 0.008774
229 10.693513 1553.613135 2.108498 1553.613135 -2.080292 8241.159663 0.008774
230 10.693396 1553.491346 2.108498 1553.491346 -2.080292 8241.159663 0.008774
231 10.693280 1553.369423 2.108498 1553.369423 -2.080293 8241.159663 0.008774
232 10.693163 1553.247366 2.108497 1553.247366 -2.080293 8241.159663 0.008774
233 10.693046 1553.125177 2.108497 1553.125177 -2.080293 8241.159663 0.008774
234 10.692928 1553.002857 2.108496 1553.002857 -2.080294 8241.159663 0.008774
235 10.692810 1552.880406 2.108496 1552.880406 -2.080294 8241.159663 0.008774
236 10.692693 1552.757826 2.108496 1552.757826 -2.080295 8241.159663 0.008774
237 10.692574 1552.635117 2.108495 1552.635117 -2.080295 8241.159663 0.008774
238 10.692456 1552.512281 2.108495 1552.512281 -2.080295 8241.159663 0.008774
239 10.692337 1552.389318 2.108495 1552.389318 -2.080296 8241.159663 0.008774
240 10.692218 1552.266230 2.108494 1552.266230 -2.080296 8241.159663 0.008774
241 10.692099 1552.143016 2.108494 1552.143016 -2.080296 8241.159663 0.008774
242 10.691979 1552.019678 2.108493 1552.019678 -2.080297 8241.159663 0.008774
243 10.691860 1551.896217 2.108493 1551.896217 -2.080297 8241.159663 0.008774
244 10.691740 1551.772633 2.108493 1551.772633 -2.080298 8241.159663 0.008774
245 10.691620 1551.648928 2.108492 1551.648928 -2.080298 8241.159663 0.008774
246 10.691499 1551.525102 2.108492 1551.525102 -2.080298 8241.159663 0.008774
247 10.691378 1551.401155 2.108491 1551.401155 -2.080299 8241.159663 0.008774
248 10.691257 1551.277089 2.108491 1551.277089 -2.080299 8241.159663 0.008774
249 10.691136 1551.152904 2.108491 1551.152904 -2.080300 8241.159663 0.008774
250 10.691015 1551.028602 2.108490 1551.028602 -2.080300 8241.159663 0.008774
251 10.690893 1550.904182 2.108490 1550.904182 -2.080300 8241.159663 0.008774
252 10.690771 1550.779646 2.108489 1550.779646 -2.080301 8241.159663 0.008774
253 10.690649 1550.654993 2.108489 1550.654993 -2.080301 8241.159663 0.008774
254 10.690526 1550.530226 2.108489 1550.530226 -2.080302 8241.159663 0.008774
255 10.690404 1550.405344 2.108488 1550.405344 -2.080302 8241.159663 0.008774
256 10.690281 1550.280348 2.108488 1550.280348 -2.080302 8241.159663 0.008774
257 10.690158 1550.155239 2.108487 1550.155239 -2.080303 8241.159663 0.008774
258 10.690035 1550.030018 2.108487 1550.030018 -2.080303 8241.159663 0.008774
259 10.689911 1549.904684 2.108487 1549.904684 -2.080304 8241.159663 0.008774
260 10.689787 1549.779239 2.108486 1549.779239 -2.080304 8241.159663 0.008774
261 10.689663 1549.653684 2.108486 1549.653684 -2.080305 8241.159663 0.008774
262 10.689539 1549.528018 2.108485 1549.528018 -2.080305 8241.159663 0.008774
263 10.689415 1549.402243 2.108485 1549.402243 -2.080305 8241.159663 0.008774
264 10.689290 1549.276358 2.108484 1549.276358 -2.080306 8241.159663 0.008774
265 10.689165 1549.150365 2.108484 1549.150365 -2.080306 8241.159663 0.008774
266 10.689040 1549.024265 2.108484 1549.024265 -2.080307 8241.159663 0.008774
267 10.688915 1548.898056 2.108483 1548.898056 -2.080307 8241.159663 0.008774
268 10.688789 1548.771741 2.108483 1548.771741 -2.080307 8241.159663 0.008774
269 10.688664 1548.645320 2.108482 1548.645320 -2.080308 8241.159663 0.008774
270 10.688538 1548.518793 2.108482 1548.518793 -2.080308 8241.159663 0.008774
271 10.688411 1548.392160 2.108482 1548.392160 -2.080309 8241.159663 0.008774
272 10.688285 1548.265422 2.108481 1548.265422 -2.080309 8241.159663 0.008774
273 10.688159 1548.138581 2.108481 1548.138581 -2.080309 8241.159663 0.008774
274 10.688032 1548.011635 2.108480 1548.011635 -2.080310 8241.159663 0.008774
275 10.687905 1547.884585 2.108480 1547.884585 -2.080310 8241.159663 0.008774
276 10.687778 1547.757433 2.108479 1547.757433 -2.080311 8241.159663 0.008774
277 10.687650 1547.630178 2.108479 1547.630178 -2.080311 8241.159663 0.008774
278 10.687523 1547.502821 2.108479 1547.502821 -2.080312 8241.159663 0.008774
279 10.687395 1547.375362 2.108478 1547.375362 -2.080312 8241.159663 0.008774
280 10.687267 1547.247802 2.108478 1547.247802 -2.080312 8241.159663 0.008774
281 10.687139 1547.120141 2.108477 1547.120141 -2.080313 8241.159663 0.008774
282 10.687010 1546.992380 2.108477 1546.992380 -2.080313 8241.159663 0.008774
283 10.686882 1546.864518 2.108476 1546.864518 -2.080314 8241.159663 0.008774
284 10.686753 1546.736557 2.108476 1546.736557 -2.080314 8241.159663 0.008774
285 10.686624 1546.608496 2.108476 1546.608496 -2.080315 8241.159663 0.008774
286 10.686495 1546.480337 2.108475 1546.480337 -2.080315 8241.159663 0.008774
287 10.686366 1546.352078 2.108475 1546.352078 -2.080315 8241.159663 0.008774
288 10.686236 1546.223722 2.108474 1546.223722 -2.080316 8241.159663 0.008774
289 10.686106 1546.095267 2.108474 1546.095267 -2.080316 8241.159663 0.008774
290 10.685976 1545.966715 2.108473 1545.966715 -2.080317 8241.159663 0.008774
291 10.685846 1545.838066 2.108473 1545.838066 -2.080317 8241.159663 0.008774
292 10.685716 1545.709320 2.108473 1545.709320 -2.080318 8241.159663 0.008774
293 10.685586 1545.580477 2.108472 1545.580477 -2.080318 8241.159663 0.008774
294 10.685455 1545.451538 2.108472 1545.451538 -2.080318 8241.159663 0.008774
295 10.685324 1545.322503 2.108471 1545.322503 -2.080319 8241.159663 0.008774
296 10.685193 1545.193372 2.108471 1545.193372 -2.080319 8241.159663 0.008774
297 10.685062 1545.064145 2.108470 1545.064145 -2.080320 8241.159663 0.008774
298 10.684930 1544.934824 2.108470 1544.934824 -2.080320 8241.159663 0.008774
299 10.684799 1544.805407 2.108470 1544.805407 -2.080321 8241.159663 0.008774
300 10.684667 1544.675897 2.108469 1544.675897 -2.080321 8241.159663 0.008774
301 10.684535 1544.546291 2.108469 1544.546291 -2.080322 8241.159663 0.008774
302 10.684403 1544.416592 2.108468 1544.416592 -2.080322 8241.159663 0.008774
303 10.684271 1544.286799 2.108468 1544.286799 -2.080322 8241.159663 0.008774
304 10.684138 1544.156912 2.108467 1544.156912 -2.080323 8241.159663 0.008774
305 10.684006 1544.026932 2.108467 1544.026932 -2.080323 8241.159663 0.008774
306 10.683873 1543.896859 2.108466 1543.896859 -2.080324 8241.159663 0.008774
307 10.683740 1543.766693 2.108466 1543.766693 -2.080324 8241.159663 0.008774
308 10.683607 1543.636434 2.108466 1543.636434 -2.080325 8241.159663 0.008774
309 10.683473 1543.506083 2.108465 1543.506083 -2.080325 8241.159663 0.008774
310 10.683340 1543.375639 2.108465 1543.375639 -2.080326 8241.159663 0.008774
311 10.683206 1543.245104 2.108464 1543.245104 -2.080326 8241.159663 0.008774
312 10.683072 1543.114476 2.108464 1543.114476 -2.080326 8241.159663 0.008774
313 10.682938 1542.983757 2.108463 1542.983757 -2.080327 8241.159663 0.008774
314 10.682804 1542.852947 2.108463 1542.852947 -2.080327 8241.159663 0.008774
315 10.682670 1542.722045 2.108462 1542.722045 -2.080328 8241.159663 0.008774
316 10.682535 1542.591052 2.108462 1542.591052 -2.080328 8241.159663 0.008774
317 10.682401 1542.459968 2.108462 1542.459968 -2.080329 8241.159663 0.008774
318 10.682266 1542.328794 2.108461 1542.328794 -2.080329 8241.159663 0.008774
319 10.682131 1542.197529 2.108461 1542.197529 -2.080330 8241.159663 0.008774
320 10.681996 1542.066173 2.108460 1542.066173 -2.080330 8241.159663 0.008774
321 10.681860 1541.934727 2.108460 1541.934727 -2.080330 8241.159663 0.008774
322 10.681725 1541.803191 2.108459 1541.803191 -2.080331 8241.159663 0.008774
323 10.681589 1541.671565 2.108459 1541.671565 -2.080331 8241.159663 0.008774
324 10.681453 1541.539848 2.108458 1541.539848 -2.080332 8241.159663 0.008774
325 10.681317 1541.408043 2.108458 1541.408043 -2.080332 8241.159663 0.008774
326 10.681181 1541.276147 2.108457 1541.276147 -2.080333 8241.159663 0.008774
327 10.681045 1541.144162 2.108457 1541.144162 -2.080333 8241.159663 0.008774
328 10.680908 1541.012088 2.108457 1541.012088 -2.080334 8241.159663 0.008774
329 10.680772 1540.879924 2.108456 1540.879924 -2.080334 8241.159663 0.008774
330 10.680635 1540.747671 2.108456 1540.747671 -2.080335 8241.159663 0.008774
331 10.680498 1540.615329 2.108455 1540.615329 -2.080335 8241.159663 0.008774
332 10.680361 1540.482898 2.108455 1540.482898 -2.080335 8241.159663 0.008774
333 10.680224 1540.350378 2.108454 1540.350378 -2.080336 8241.159663 0.008774
334 10.680086 1540.217769 2.108454 1540.217769 -2.080336 8241.159663 0.008774
335 10.679949 1540.085071 2.108453 1540.085071 -2.080337 8241.159663 0.008774
336 10.679811 1539.952285 2.108453 1539.952285 -2.080337 8241.159663 0.008774
337 10.679673 1539.819410 2.108452 1539.819410 -2.080338 8241.159663 0.008774
338 10.679535 1539.686447 2.108452 1539.686447 -2.080338 8241.159663 0.008774
339 10.679397 1539.553395 2.108451 1539.553395 -2.080339 8241.159663 0.008774
340 10.679259 1539.420255 2.108451 1539.420255 -2.080339 8241.159663 0.008774
341 10.679120 1539.287026 2.108451 1539.287026 -2.080340 8241.159663 0.008774
342 10.678981 1539.153709 2.108450 1539.153709 -2.080340 8241.159663 0.008774
343 10.678843 1539.020304 2.108450 1539.020304 -2.080341 8241.159663 0.008774
344 10.678704 1538.886811 2.108449 1538.886811 -2.080341 8241.159663 0.008774
345 10.678565 1538.753229 2.108449 1538.753229 -2.080342 8241.159663 0.008774
346 10.678425 1538.619560 2.108448 1538.619560 -2.080342 8241.159663 0.008774
347 10.678286 1538.485802 2.108448 1538.485802 -2.080342 8241.159663 0.008774
348 10.678146 1538.351956 2.108447 1538.351956 -2.080343 8241.159663 0.008774
349 10.678007 1538.218022 2.108447 1538.218022 -2.080343 8241.159663 0.008774
350 10.677867 1538.084000 2.108446 1538.084000 -2.080344 8241.159663 0.008774
351 10.677727 1537.949890 2.108446 1537.949890 -2.080344 8241.159663 0.008774
352 10.677587 1537.815692 2.108445 1537.815692 -2.080345 8241.159663 0.008774
353 10.677446 1537.681406 2.108445 1537.681406 -2.080345 8241.159663 0.008774
354 10.677306 1537.547032 2.108444 1537.547032 -2.080346 8241.159663 0.008774
355 10.677165 1537.412570 2.108444 1537.412570 -2.080346 8241.159663 0.008774
356 10.677024 1537.278020 2.108443 1537.278020 -2.080347 8241.159663 0.008774
357 10.676884 1537.143382 2.108443 1537.143382 -2.080347 8241.159663 0.008774
358 10.676743 1537.008656 2.108442 1537.008656 -2.080348 8241.159663 0.008774
359 10.676601 1536.873841 2.108442 1536.873841 -2.080348 8241.159663 0.008774
360 10.676460 1536.738939 2.108442 1536.738939 -2.080349 8241.159663 0.008774
361 10.676319 1536.603948 2.108441 1536.603948 -2.080349 8241.159663 0.008774
362 10.676177 1536.468870 2.108441 1536.468870 -2.080350 8241.159663 0.008774
363 10.676035 1536.333703 2.108440 1536.333703 -2.080350 8241.159663 0.008774
364 10.675893 1536.198448 2.108440 1536.198448 -2.080351 8241.159663 0.008774
365 10.675751 1536.063105 2.108439 1536.063105 -2.080351 8241.159663 0.008774
366 10.675609 1535.927673 2.108439 1535.927673 -2.080352 8241.159663 0.008774
367 10.675467 1535.792153 2.108438 1535.792153 -2.080352 8241.159663 0.008774
368 10.675324 1535.656545 2.108438 1535.656545 -2.080353 8241.159663 0.008774
369 10.675182 1535.520848 2.108437 1535.520848 -2.080353 8241.159663 0.008774
370 10.675039 1535.385062 2.108437 1535.385062 -2.080354 8241.159663 0.008774
371 10.674896 1535.249189 2.108436 1535.249189 -2.080354 8241.159663 0.008774
372 10.674753 1535.113226 2.108436 1535.113226 -2.080355 8241.159663 0.008774
373 10.674610 1534.977175 2.108435 1534.977175 -2.080355 8241.159663 0.008774
374 10.674466 1534.841034 2.108435 1534.841034 -2.080356 8241.159663 0.008774
375 10.674323 1534.704805 2.108434 1534.704805 -2.080356 8241.159663 0.008774
376 10.674179 1534.568487 2.108434 1534.568487 -2.080356 8241.159663 0.008774
377 10.674035 1534.432080 2.108433 1534.432080 -2.080357 8241.159663 0.008774
378 10.673891 1534.295584 2.108433 1534.295584 -2.080357 8241.159663 0.008774
379 10.673747 1534.158999 2.108432 1534.158999 -2.080358 8241.159663 0.008774
380 10.673603 1534.022324 2.108432 1534.022324 -2.080358 8241.159663 0.008774
381 10.673459 1533.885560 2.108431 1533.885560 -2.080359 8241.159663 0.008774
382 10.673314 1533.748706 2.108431 1533.748706 -2.080359 8241.159663 0.008774
383 10.673170 1533.611763 2.108430 1533.611763 -2.080360 8241.159663 0.008774
384 10.673025 1533.474730 2.108430 1533.474730 -2.080360 8241.159663 0.008774
385 10.672880 1533.337607 2.108429 1533.337607 -2.080361 8241.159663 0.008774
386 10.672735 1533.200394 2.108429 1533.200394 -2.080361 8241.159663 0.008774
387 10.672590 1533.063090 2.108428 1533.063090 -2.080362 8241.159663 0.008774
388 10.672444 1532.925697 2.108428 1532.925697 -2.080362 8241.159663 0.008774
389 10.672299 1532.788213 2.108427 1532.788213 -2.080363 8241.159663 0.008774
390 10.672153 1532.650639 2.108427 1532.650639 -2.080363 8241.159663 0.008774
391 10.672007 1532.512974 2.108426 1532.512974 -2.080364 8241.159663 0.008774
392 10.671862 1532.375219 2.108426 1532.375219 -2.080364 8241.159663 0.008774
393 10.671716 1532.237372 2.108425 1532.237372 -2.080365 8241.159663 0.008774
394 10.671569 1532.099435 2.108425 1532.099435 -2.080365 8241.159663 0.008774
395 10.671423 1531.961406 2.108424 1531.961406 -2.080366 8241.159663 0.008774
396 10.671277 1531.823286 2.108424 1531.823286 -2.080366 8241.159663 0.008774
397 10.671130 1531.685074 2.108423 1531.685074 -2.080367 8241.159663 0.008774
398 10.670983 1531.546770 2.108423 1531.546770 -2.080368 8241.159663 0.008774
399 10.670836 1531.408375 2.108422 1531.408375 -2.080368 8241.159663 0.008774
400 10.670689 1531.269888 2.108422 1531.269888 -2.080369 8241.159663 0.008774
401 10.670542 1531.131308 2.108421 1531.131308 -2.080369 8241.159663 0.008774
402 10.670395 1530.992636 2.108421 1530.992636 -2.080370 8241.159663 0.008774
403 10.670247 1530.853872 2.108420 1530.853872 -2.080370 8241.159663 0.008774
404 10.670100 1530.715015 2.108420 1530.715015 -2.080371 8241.159663 0.008774
405 10.669952 1530.576065 2.108419 1530.576065 -2.080371 8241.159663 0.008774
406 10.669804 1530.437021 2.108419 1530.437021 -2.080372 8241.159663 0.008774
407 10.669656 1530.297885 2.108418 1530.297885 -2.080372 8241.159663 0.008774
408 10.669508 1530.158655 2.108418 1530.158655 -2.080373 8241.159663 0.008774
409 10.669360 1530.019331 2.108417 1530.019331 -2.080373 8241.159663 0.008774
410 10.669211 1529.879913 2.108417 1529.879913 -2.080374 8241.159663 0.008774
411 10.669063 1529.740402 2.108416 1529.740402 -2.080374 8241.159663 0.008774
412 10.668914 1529.600795 2.108416 1529.600795 -2.080375 8241.159663 0.008774
413 10.668765 1529.461095 2.108415 1529.461095 -2.080375 8241.159663 0.008774
414 10.668616 1529.321299 2.108414 1529.321299 -2.080376 8241.159663 0.008774
415 10.668467 1529.181409 2.108414 1529.181409 -2.080376 8241.159663 0.008774
416 10.668318 1529.041423 2.108413 1529.041423 -2.080377 8241.159663 0.008774
417 10.668168 1528.901342 2.108413 1528.901342 -2.080377 8241.159663 0.008774
418 10.668019 1528.761165 2.108412 1528.761165 -2.080378 8241.159663 0.008774
419 10.667869 1528.620892 2.108412 1528.620892 -2.080378 8241.159663 0.008774
420 10.667719 1528.480523 2.108411 1528.480523 -2.080379 8241.159663 0.008774
421 10.667569 1528.340058 2.108411 1528.340058 -2.080379 8241.159663 0.008774
422 10.667419 1528.199496 2.108410 1528.199496 -2.080380 8241.159663 0.008774
423 10.667268 1528.058837 2.108410 1528.058837 -2.080380 8241.159663 0.008774
424 10.667118 1527.918081 2.108409 1527.918081 -2.080381 8241.159663 0.008774
425 10.666967 1527.777227 2.108409 1527.777227 -2.080382 8241.159663 0.008774
426 10.666817 1527.636276 2.108408 1527.636276 -2.080382 8241.159663 0.008774
427 10.666666 1527.495226 2.108408 1527.495226 -2.080383 8241.159663 0.008774
428 10.666515 1527.354079 2.108407 1527.354079 -2.080383 8241.159663 0.008774
429 10.666364 1527.212833 2.108407 1527.212833 -2.080384 8241.159663 0.008774
430 10.666212 1527.071488 2.108406 1527.071488 -2.080384 8241.159663 0.008774
431 10.666061 1526.930044 2.108406 1526.930044 -2.080385 8241.159663 0.008774
432 10.665909 1526.788500 2.108405 1526.788500 -2.080385 8241.159663 0.008774
433 10.665758 1526.646857 2.108404 1526.646857 -2.080386 8241.159663 0.008774
434 10.665606 1526.505114 2.108404 1526.505114 -2.080386 8241.159663 0.008774
435 10.665454 1526.363271 2.108403 1526.363271 -2.080387 8241.159663 0.008774
436 10.665302 1526.221327 2.108403 1526.221327 -2.080387 8241.159663 0.008774
437 10.665149 1526.079282 2.108402 1526.079282 -2.080388 8241.159663 0.008774
438 10.664997 1525.937136 2.108402 1525.937136 -2.080388 8241.159663 0.008774
439 10.664844 1525.794888 2.108401 1525.794888 -2.080389 8241.159663 0.008774
440 10.664691 1525.652539 2.108401 1525.652539 -2.080390 8241.159663 0.008774
441 10.664538 1525.510088 2.108400 1525.510088 -2.080390 8241.159663 0.008774
442 10.664385 1525.367533 2.108400 1525.367533 -2.080391 8241.159663 0.008774
443 10.664232 1525.224877 2.108399 1525.224877 -2.080391 8241.159663 0.008774
444 10.664079 1525.082116 2.108398 1525.082116 -2.080392 8241.159663 0.008774
445 10.663925 1524.939253 2.108398 1524.939253 -2.080392 8241.159663 0.008774
446 10.663772 1524.796285 2.108397 1524.796285 -2.080393 8241.159663 0.008774
447 10.663618 1524.653214 2.108397 1524.653214 -2.080393 8241.159663 0.008774
448 10.663464 1524.510037 2.108396 1524.510037 -2.080394 8241.159663 0.008774
449 10.663310 1524.366756 2.108396 1524.366756 -2.080394 8241.159663 0.008774
450 10.663156 1524.223370 2.108395 1524.223370 -2.080395 8241.159663 0.008774
451 10.663001 1524.079878 2.108395 1524.079878 -2.080396 8241.159663 0.008774
452 10.662847 1523.936279 2.108394 1523.936279 -2.080396 8241.159663 0.008774
453 10.662692 1523.792575 2.108394 1523.792575 -2.080397 8241.159663 0.008774
454 10.662537 1523.648763 2.108393 1523.648763 -2.080397 8241.159663 0.008774
455 10.662382 1523.504845 2.108392 1523.504845 -2.080398 8241.159663 0.008774
456 10.662227 1523.360819 2.108392 1523.360819 -2.080398 8241.159663 0.008774
457 10.662072 1523.216684 2.108391 1523.216684 -2.080399 8241.159663 0.008774
458 10.661916 1523.072442 2.108391 1523.072442 -2.080399 8241.159663 0.008774
459 10.661761 1522.928090 2.108390 1522.928090 -2.080400 8241.159663 0.008774
460 10.661605 1522.783630 2.108390 1522.783630 -2.080401 8241.159663 0.008774
461 10.661449 1522.639060 2.108389 1522.639060 -2.080401 8241.159663 0.008774
462 10.661293 1522.494380 2.108389 1522.494380 -2.080402 8241.159663 0.008774
463 10.661136 1522.349589 2.108388 1522.349589 -2.080402 8241.159663 0.008774
464 10.660980 1522.204688 2.108387 1522.204688 -2.080403 8241.159663 0.008774
465 10.660824 1522.059675 2.108387 1522.059675 -2.080403 8241.159663 0.008774
466 10.660667 1521.914550 2.108386 1521.914550 -2.080404 8241.159663 0.008774
467 10.660510 1521.769313 2.108386 1521.769313 -2.080404 8241.159663 0.008774
468 10.660353 1521.623964 2.108385 1521.623964 -2.080405 8241.159663 0.008774
469 10.660196 1521.478501 2.108385 1521.478501 -2.080406 8241.159663 0.008774
470 10.660038 1521.332925 2.108384 1521.332925 -2.080406 8241.159663 0.008774
471 10.659881 1521.187235 2.108383 1521.187235 -2.080407 8241.159663 0.008774
472 10.659723 1521.041431 2.108383 1521.041431 -2.080407 8241.159663 0.008774
473 10.659565 1520.895511 2.108382 1520.895511 -2.080408 8241.159663 0.008774
474 10.659407 1520.749476 2.108382 1520.749476 -2.080408 8241.159663 0.008774
475 10.659249 1520.603325 2.108381 1520.603325 -2.080409 8241.159663 0.008774
476 10.659091 1520.457057 2.108381 1520.457057 -2.080410 8241.159663 0.008774
477 10.658932 1520.310673 2.108380 1520.310673 -2.080410 8241.159663 0.008774
478 10.658774 1520.164171 2.108379 1520.164171 -2.080411 8241.159663 0.008774
479 10.658615 1520.017551 2.108379 1520.017551 -2.080411 8241.159663 0.008774
480 10.658456 1519.870813 2.108378 1519.870813 -2.080412 8241.159663 0.008774
481 10.658297 1519.723956 2.108378 1519.723956 -2.080412 8241.159663 0.008774
482 10.658138 1519.576979 2.108377 1519.576979 -2.080413 8241.159663 0.008774
483 10.657978 1519.429883 2.108377 1519.429883 -2.080414 8241.159663 0.008774
484 10.657818 1519.282665 2.108376 1519.282665 -2.080414 8241.159663 0.008774
485 10.657659 1519.135327 2.108375 1519.135327 -2.080415 8241.159663 0.008774
486 10.657499 1518.987867 2.108375 1518.987867 -2.080415 8241.159663 0.008774
487 10.657338 1518.840284 2.108374 1518.840284 -2.080416 8241.159663 0.008774
488 10.657178 1518.692579 2.108374 1518.692579 -2.080417 8241.159663 0.008774
489 10.657018 1518.544751 2.108373 1518.544751 -2.080417 8241.159663 0.008774
490 10.656857 1518.396798 2.108373 1518.396798 -2.080418 8241.159663 0.008774
491 10.656696 1518.248722 2.108372 1518.248722 -2.080418 8241.159663 0.008774
492 10.656535 1518.100520 2.108371 1518.100520 -2.080419 8241.159663 0.008774
493 10.656374 1517.952192 2.108371 1517.952192 -2.080419 8241.159663 0.008774
494 10.656213 1517.803738 2.108370 1517.803738 -2.080420 8241.159663 0.008774
495 10.656051 1517.655158 2.108370 1517.655158 -2.080421 8241.159663 0.008774
496 10.655889 1517.506449 2.108369 1517.506449 -2.080421 8241.159663 0.008774
497 10.655727 1517.357613 2.108368 1517.357613 -2.080422 8241.159663 0.008774
498 10.655565 1517.208648 2.108368 1517.208648 -2.080422 8241.159663 0.008774
499 10.655403 1517.059553 2.108367 1517.059553 -2.080423 8241.159663 0.008774
500 10.655241 1516.910329 2.108367 1516.910329 -2.080424 8241.159663 0.008774
501 10.655078 1516.760974 2.108366 1516.760974 -2.080424 8241.159663 0.008774
502 10.654915 1516.611488 2.108365 1516.611488 -2.080425 8241.159663 0.008774
503 10.654752 1516.461869 2.108365 1516.461869 -2.080425 8241.159663 0.008774
504 10.654589 1516.312118 2.108364 1516.312118 -2.080426 8241.159663 0.008774
505 10.654426 1516.162234 2.108364 1516.162234 -2.080427 8241.159663 0.008774
506 10.654262 1516.012216 2.108363 1516.012216 -2.080427 8241.159663 0.008774
507 10.654099 1515.862063 2.108362 1515.862063 -2.080428 8241.159663 0.008774
508 10.653935 1515.711775 2.108362 1515.711775 -2.080428 8241.159663 0.008774
509 10.653771 1515.561351 2.108361 1515.561351 -2.080429 8241.159663 0.008774
510 10.653607 1515.410790 2.108361 1515.410790 -2.080430 8241.159663 0.008774
511 10.653442 1515.260091 2.108360 1515.260091 -2.080430 8241.159663 0.008774
512 10.653278 1515.109255 2.108359 1515.109255 -2.080431 8241.159663 0.008774
513 10.653113 1514.958279 2.108359 1514.958279 -2.080431 8241.159663 0.008774
514 10.652948 1514.807164 2.108358 1514.807164 -2.080432 8241.159663 0.008774
515 10.652782 1514.655908 2.108358 1514.655908 -2.080433 8241.159663 0.008774
516 10.652617 1514.504511 2.108357 1514.504511 -2.080433 8241.159663 0.008774
517 10.652451 1514.352972 2.108356 1514.352972 -2.080434 8241.159663 0.008774
518 10.652286 1514.201291 2.108356 1514.201291 -2.080434 8241.159663 0.008774
519 10.652120 1514.049465 2.108355 1514.049465 -2.080435 8241.159663 0.008774
520 10.651954 1513.897496 2.108354 1513.897496 -2.080436 8241.159663 0.008774
521 10.651787 1513.745382 2.108354 1513.745382 -2.080436 8241.159663 0.008774
522 10.651621 1513.593121 2.108353 1513.593121 -2.080437 8241.159663 0.008774
523 10.651454 1513.440714 2.108353 1513.440714 -2.080438 8241.159663 0.008774
524 10.651287 1513.288159 2.108352 1513.288159 -2.080438 8241.159663 0.008774
525 10.651120 1513.135456 2.108351 1513.135456 -2.080439 8241.159663 0.008774
526 10.650952 1512.982604 2.108351 1512.982604 -2.080439 8241.159663 0.008774
527 10.650785 1512.829602 2.108350 1512.829602 -2.080440 8241.159663 0.008774
528 10.650617 1512.676448 2.108350 1512.676448 -2.080441 8241.159663 0.008774
529 10.650449 1512.523143 2.108349 1512.523143 -2.080441 8241.159663 0.008774
530 10.650281 1512.369685 2.108348 1512.369685 -2.080442 8241.159663 0.008774
531 10.650112 1512.216074 2.108348 1512.216074 -2.080443 8241.159663 0.008774
532 10.649944 1512.062308 2.108347 1512.062308 -2.080443 8241.159663 0.008774
533 10.649775 1511.908387 2.108346 1511.908387 -2.080444 8241.159663 0.008774
534 10.649606 1511.754309 2.108346 1511.754309 -2.080444 8241.159663 0.008774
535 10.649437 1511.600075 2.108345 1511.600075 -2.080445 8241.159663 0.008774
536 10.649267 1511.445682 2.108344 1511.445682 -2.080446 8241.159663 0.008774
537 10.649097 1511.291129 2.108344 1511.291129 -2.080446 8241.159663 0.008774
538 10.648928 1511.136417 2.108343 1511.136417 -2.080447 8241.159663 0.008774
539 10.648757 1510.981544 2.108343 1510.981544 -2.080448 8241.159663 0.008774
540 10.648587 1510.826509 2.108342 1510.826509 -2.080448 8241.159663 0.008774
541 10.648417 1510.671310 2.108341 1510.671310 -2.080449 8241.159663 0.008774
542 10.648246 1510.515948 2.108341 1510.515948 -2.080450 8241.159663 0.008774
543 10.648075 1510.360420 2.108340 1510.360420 -2.080450 8241.159663 0.008774
544 10.647904 1510.204727 2.108339 1510.204727 -2.080451 8241.159663 0.008774
545 10.647732 1510.048866 2.108339 1510.048866 -2.080452 8241.159663 0.008774
546 10.647560 1509.892837 2.108338 1509.892837 -2.080452 8241.159663 0.008774
547 10.647389 1509.736639 2.108337 1509.736639 -2.080453 8241.159663 0.008774
548 10.647216 1509.580270 2.108337 1509.580270 -2.080453 8241.159663 0.008774
549 10.647044 1509.423730 2.108336 1509.423730 -2.080454 8241.159663 0.008774
550 10.646872 1509.267018 2.108335 1509.267018 -2.080455 8241.159663 0.008774
551 10.646699 1509.110132 2.108335 1509.110132 -2.080455 8241.159663 0.008774
552 10.646526 1508.953071 2.108334 1508.953071 -2.080456 8241.159663 0.008774
553 10.646352 1508.795835 2.108333 1508.795835 -2.080457 8241.159663 0.008774
554 10.646179 1508.638421 2.108333 1508.638421 -2.080457 8241.159663 0.008774
555 10.646005 1508.480829 2.108332 1508.480829 -2.080458 8241.159663 0.008774
556 10.645831 1508.323058 2.108331 1508.323058 -2.080459 8241.159663 0.008774
557 10.645657 1508.165106 2.108331 1508.165106 -2.080459 8241.159663 0.008774
558 10.645482 1508.006972 2.108330 1508.006972 -2.080460 8241.159663 0.008774
559 10.645308 1507.848656 2.108330 1507.848656 -2.080461 8241.159663 0.008774
560 10.645133 1507.690155 2.108329 1507.690155 -2.080461 8241.159663 0.008774
561 10.644957 1507.531469 2.108328 1507.531469 -2.080462 8241.159663 0.008774
562 10.644782 1507.372596 2.108327 1507.372596 -2.080463 8241.159663 0.008774
563 10.644606 1507.213535 2.108327 1507.213535 -2.080463 8241.159663 0.008774
564 10.644430 1507.054285 2.108326 1507.054285 -2.080464 8241.159663 0.008774
565 10.644254 1506.894844 2.108325 1506.894844 -2.080465 8241.159663 0.008774
566 10.644077 1506.735211 2.108325 1506.735211 -2.080465 8241.159663 0.008774
567 10.643901 1506.575385 2.108324 1506.575385 -2.080466 8241.159663 0.008774
568 10.643724 1506.415364 2.108323 1506.415364 -2.080467 8241.159663 0.008774
569 10.643546 1506.255148 2.108323 1506.255148 -2.080467 8241.159663 0.008774
570 10.643369 1506.094734 2.108322 1506.094734 -2.080468 8241.159663 0.008774
571 10.643191 1505.934121 2.108321 1505.934121 -2.080469 8241.159663 0.008774
572 10.643013 1505.773308 2.108321 1505.773308 -2.080469 8241.159663 0.008774
573 10.642835 1505.612294 2.108320 1505.612294 -2.080470 8241.159663 0.008774
574 10.642656 1505.451076 2.108319 1505.451076 -2.080471 8241.159663 0.008774
575 10.642477 1505.289654 2.108319 1505.289654 -2.080472 8241.159663 0.008774
576 10.642298 1505.128026 2.108318 1505.128026 -2.080472 8241.159663 0.008774
577 10.642119 1504.966191 2.108317 1504.966191 -2.080473 8241.159663 0.008774
578 10.641939 1504.804146 2.108317 1504.804146 -2.080474 8241.159663 0.008774
579 10.641759 1504.641891 2.108316 1504.641891 -2.080474 8241.159663 0.008774
580 10.641579 1504.479424 2.108315 1504.479424 -2.080475 8241.159663 0.008774
581 10.641398 1504.316743 2.108315 1504.316743 -2.080476 8241.159663 0.008774
582 10.641217 1504.153847 2.108314 1504.153847 -2.080476 8241.159663 0.008774
583 10.641036 1503.990733 2.108313 1503.990733 -2.080477 8241.159663 0.008774
584 10.640855 1503.827402 2.108312 1503.827402 -2.080478 8241.159663 0.008774
585 10.640673 1503.663850 2.108312 1503.663850 -2.080478 8241.159663 0.008774
586 10.640491 1503.500076 2.108311 1503.500076 -2.080479 8241.159663 0.008774
587 10.640309 1503.336078 2.108310 1503.336078 -2.080480 8241.159663 0.008774
588 10.640126 1503.171855 2.108310 1503.171855 -2.080481 8241.159663 0.008774
589 10.639943 1503.007405 2.108309 1503.007405 -2.080481 8241.159663 0.008774
590 10.639760 1502.842726 2.108308 1502.842726 -2.080482 8241.159663 0.008774
591 10.639577 1502.677817 2.108307 1502.677817 -2.080483 8241.159663 0.008774
592 10.639393 1502.512675 2.108307 1502.512675 -2.080483 8241.159663 0.008774
593 10.639209 1502.347299 2.108306 1502.347299 -2.080484 8241.159663 0.008774
594 10.639024 1502.181687 2.108305 1502.181687 -2.080485 8241.159663 0.008774
595 10.638840 1502.015837 2.108305 1502.015837 -2.080486 8241.159663 0.008774
596 10.638655 1501.849747 2.108304 1501.849747 -2.080486 8241.159663 0.008774
597 10.638469 1501.683415 2.108303 1501.683415 -2.080487 8241.159663 0.008774
598 10.638284 1501.516839 2.108302 1501.516839 -2.080488 8241.159663 0.008774
599 10.638098 1501.350018 2.108302 1501.350018 -2.080488 8241.159663 0.008774
600 10.637911 1501.182948 2.108301 1501.182948 -2.080489 8241.159663 0.008774
601 10.637725 1501.015629 2.108300 1501.015629 -2.080490 8241.159663 0.008774
602 10.637538 1500.848059 2.108300 1500.848059 -2.080491 8241.159663 0.008774
603 10.637350 1500.680234 2.108299 1500.680234 -2.080491 8241.159663 0.008774
604 10.637163 1500.512153 2.108298 1500.512153 -2.080492 8241.159663 0.008774
605 10.636975 1500.343814 2.108297 1500.343814 -2.080493 8241.159663 0.008774
606 10.636786 1500.175215 2.108297 1500.175215 -2.080494 8241.159663 0.008774
607 10.636598 1500.006353 2.108296 1500.006353 -2.080494 8241.159663 0.008774
608 10.636409 1499.837226 2.108295 1499.837226 -2.080495 8241.159663 0.008774
609 10.636219 1499.667833 2.108294 1499.667833 -2.080496 8241.159663 0.008774
610 10.636030 1499.498170 2.108294 1499.498170 -2.080497 8241.159663 0.008774
611 10.635840 1499.328235 2.108293 1499.328235 -2.080497 8241.159663 0.008774
612 10.635649 1499.158027 2.108292 1499.158027 -2.080498 8241.159663 0.008774
613 10.635458 1498.987542 2.108291 1498.987542 -2.080499 8241.159663 0.008774
614 10.635267 1498.816778 2.108291 1498.816778 -2.080500 8241.159663 0.008774
615 10.635076 1498.645733 2.108290 1498.645733 -2.080500 8241.159663 0.008774
616 10.634884 1498.474405 2.108289 1498.474405 -2.080501 8241.159663 0.008774
617 10.634692 1498.302790 2.108288 1498.302790 -2.080502 8241.159663 0.008774
618 10.634499 1498.130886 2.108288 1498.130886 -2.080503 8241.159663 0.008774
619 10.634306 1497.958692 2.108287 1497.958692 -2.080503 8241.159663 0.008774
620 10.634113 1497.786203 2.108286 1497.786203 -2.080504 8241.159663 0.008774
621 10.633919 1497.613418 2.108285 1497.613418 -2.080505 8241.159663 0.008774
622 10.633725 1497.440333 2.108284 1497.440333 -2.080506 8241.159663 0.008774
623 10.633531 1497.266946 2.108284 1497.266946 -2.080506 8241.159663 0.008774
624 10.633336 1497.093255 2.108283 1497.093255 -2.080507 8241.159663 0.008774
625 10.633140 1496.919256 2.108282 1496.919256 -2.080508 8241.159663 0.008774
626 10.632945 1496.744946 2.108281 1496.744946 -2.080509 8241.159663 0.008774
627 10.632749 1496.570323 2.108281 1496.570323 -2.080510 8241.159663 0.008774
628 10.632552 1496.395384 2.108280 1496.395384 -2.080510 8241.159663 0.008774
629 10.632355 1496.220126 2.108279 1496.220126 -2.080511 8241.159663 0.008774
630 10.632158 1496.044545 2.108278 1496.044545 -2.080512 8241.159663 0.008774
631 10.631960 1495.868639 2.108277 1495.868639 -2.080513 8241.159663 0.008774
632 10.631762 1495.692405 2.108277 1495.692405 -2.080514 8241.159663 0.008774
633 10.631563 1495.515839 2.108276 1495.515839 -2.080514 8241.159663 0.008774
634 10.631364 1495.338938 2.108275 1495.338938 -2.080515 8241.159663 0.008774
635 10.631165 1495.161699 2.108274 1495.161699 -2.080516 8241.159663 0.008774
636 10.630965 1494.984119 2.108273 1494.984119 -2.080517 8241.159663 0.008774
637 10.630765 1494.806194 2.108273 1494.806194 -2.080518 8241.159663 0.008774
638 10.630564 1494.627921 2.108272 1494.627921 -2.080518 8241.159663 0.008774
639 10.630363 1494.449296 2.108271 1494.449296 -2.080519 8241.159663 0.008774
640 10.630161 1494.270317 2.108270 1494.270317 -2.080520 8241.159663 0.008774
641 10.629959 1494.090978 2.108269 1494.090978 -2.080521 8241.159663 0.008774
642 10.629757 1493.911278 2.108269 1493.911278 -2.080522 8241.159663 0.008774
643 10.629554 1493.731212 2.108268 1493.731212 -2.080522 8241.159663 0.008774
644 10.629350 1493.550776 2.108267 1493.550776 -2.080523 8241.159663 0.008774
645 10.629146 1493.369967 2.108266 1493.369967 -2.080524 8241.159663 0.008774
646 10.628942 1493.188780 2.108265 1493.188780 -2.080525 8241.159663 0.008774
647 10.628737 1493.007213 2.108265 1493.007213 -2.080526 8241.159663 0.008774
648 10.628531 1492.825260 2.108264 1492.825260 -2.080526 8241.159663 0.008774
649 10.628326 1492.642919 2.108263 1492.642919 -2.080527 8241.159663 0.008774
650 10.628119 1492.460184 2.108262 1492.460184 -2.080528 8241.159663 0.008774
651 10.627912 1492.277052 2.108261 1492.277052 -2.080529 8241.159663 0.008774
652 10.627705 1492.093518 2.108260 1492.093518 -2.080530 8241.159663 0.008774
653 10.627497 1491.909579 2.108260 1491.909579 -2.080531 8241.159663 0.008774
654 10.627289 1491.725229 2.108259 1491.725229 -2.080532 8241.159663 0.008774
655 10.627080 1491.540465 2.108258 1491.540465 -2.080532 8241.159663 0.008774
656 10.626870 1491.355282 2.108257 1491.355282 -2.080533 8241.159663 0.008774
657 10.626661 1491.169674 2.108256 1491.169674 -2.080534 8241.159663 0.008774
658 10.626450 1490.983639 2.108255 1490.983639 -2.080535 8241.159663 0.008774
659 10.626239 1490.797171 2.108254 1490.797171 -2.080536 8241.159663 0.008774
660 10.626028 1490.610264 2.108254 1490.610264 -2.080537 8241.159663 0.008774
661 10.625815 1490.422915 2.108253 1490.422915 -2.080538 8241.159663 0.008774
662 10.625603 1490.235119 2.108252 1490.235119 -2.080538 8241.159663 0.008774
663 10.625390 1490.046869 2.108251 1490.046869 -2.080539 8241.159663 0.008774
664 10.625176 1489.858162 2.108250 1489.858162 -2.080540 8241.159663 0.008774
665 10.624961 1489.668991 2.108249 1489.668991 -2.080541 8241.159663 0.008774
666 10.624746 1489.479352 2.108248 1489.479352 -2.080542 8241.159663 0.008774
667 10.624531 1489.289239 2.108247 1489.289239 -2.080543 8241.159663 0.008774
668 10.624315 1489.098647 2.108247 1489.098647 -2.080544 8241.159663 0.008774
669 10.624098 1488.907569 2.108246 1488.907569 -2.080545 8241.159663 0.008774
670 10.623881 1488.716001 2.108245 1488.716001 -2.080545 8241.159663 0.008774
671 10.623663 1488.523937 2.108244 1488.523937 -2.080546 8241.159663 0.008774
672 10.623445 1488.331370 2.108243 1488.331370 -2.080547 8241.159663 0.008774
673 10.623225 1488.138295 2.108242 1488.138295 -2.080548 8241.159663 0.008774
674 10.623006 1487.944705 2.108241 1487.944705 -2.080549 8241.159663 0.008774
675 10.622785 1487.750594 2.108240 1487.750594 -2.080550 8241.159663 0.008774
676 10.622564 1487.555956 2.108239 1487.555956 -2.080551 8241.159663 0.008774
677 10.622343 1487.360785 2.108238 1487.360785 -2.080552 8241.159663 0.008774
678 10.622120 1487.165074 2.108238 1487.165074 -2.080553 8241.159663 0.008774
679 10.621897 1486.968816 2.108237 1486.968816 -2.080554 8241.159663 0.008774
680 10.621674 1486.772004 2.108236 1486.772004 -2.080555 8241.159663 0.008774
681 10.621449 1486.574631 2.108235 1486.574631 -2.080555 8241.159663 0.008774
682 10.621224 1486.376691 2.108234 1486.376691 -2.080556 8241.159663 0.008774
683 10.620999 1486.178176 2.108233 1486.178176 -2.080557 8241.159663 0.008774
684 10.620772 1485.979078 2.108232 1485.979078 -2.080558 8241.159663 0.008774
685 10.620545 1485.779391 2.108231 1485.779391 -2.080559 8241.159663 0.008774
686 10.620317 1485.579106 2.108230 1485.579106 -2.080560 8241.159663 0.008774
687 10.620089 1485.378216 2.108229 1485.378216 -2.080561 8241.159663 0.008774
688 10.619860 1485.176713 2.108228 1485.176713 -2.080562 8241.159663 0.008774
689 10.619630 1484.974589 2.108227 1484.974589 -2.080563 8241.159663 0.008774
690 10.619399 1484.771835 2.108226 1484.771835 -2.080564 8241.159663 0.008774
691 10.619167 1484.568443 2.108225 1484.568443 -2.080565 8241.159663 0.008774
692 10.618935 1484.364404 2.108224 1484.364404 -2.080566 8241.159663 0.008774
693 10.618702 1484.159711 2.108223 1484.159711 -2.080567 8241.159663 0.008774
694 10.618468 1483.954353 2.108222 1483.954353 -2.080568 8241.159663 0.008774
695 10.618233 1483.748321 2.108221 1483.748321 -2.080569 8241.159663 0.008774
696 10.617998 1483.541607 2.108220 1483.541607 -2.080570 8241.159663 0.008774
697 10.617762 1483.334201 2.108219 1483.334201 -2.080571 8241.159663 0.008774
698 10.617525 1483.126092 2.108218 1483.126092 -2.080572 8241.159663 0.008774
699 10.617287 1482.917272 2.108217 1482.917272 -2.080573 8241.159663 0.008774
700 10.617048 1482.707730 2.108216 1482.707730 -2.080574 8241.159663 0.008774
701 10.616809 1482.497455 2.108215 1482.497455 -2.080575 8241.159663 0.008774
702 10.616568 1482.286438 2.108214 1482.286438 -2.080576 8241.159663 0.008774
703 10.616327 1482.074667 2.108213 1482.074667 -2.080577 8241.159663 0.008774
704 10.616085 1481.862132 2.108212 1481.862132 -2.080578 8241.159663 0.008774
705 10.615841 1481.648820 2.108211 1481.648820 -2.080579 8241.159663 0.008774
706 10.615597 1481.434721 2.108210 1481.434721 -2.080580 8241.159663 0.008774
707 10.615352 1481.219823 2.108209 1481.219823 -2.080581 8241.159663 0.008774
708 10.615107 1481.004114 2.108208 1481.004114 -2.080582 8241.159663 0.008774
709 10.614860 1480.787581 2.108207 1480.787581 -2.080583 8241.159663 0.008774
710 10.614612 1480.570212 2.108206 1480.570212 -2.080584 8241.159663 0.008774
711 10.614363 1480.351994 2.108205 1480.351994 -2.080585 8241.159663 0.008774
712 10.614113 1480.132914 2.108204 1480.132914 -2.080586 8241.159663 0.008774
713 10.613863 1479.912959 2.108203 1479.912959 -2.080587 8241.159663 0.008774
714 10.613611 1479.692114 2.108202 1479.692114 -2.080588 8241.159663 0.008774
715 10.613358 1479.470366 2.108201 1479.470366 -2.080589 8241.159663 0.008774
716 10.613104 1479.247701 2.108200 1479.247701 -2.080590 8241.159663 0.008774
717 10.612850 1479.024102 2.108199 1479.024102 -2.080591 8241.159663 0.008774
718 10.612594 1478.799556 2.108198 1478.799556 -2.080593 8241.159663 0.008774
719 10.612337 1478.574047 2.108197 1478.574047 -2.080594 8241.159663 0.008774
720 10.612078 1478.347559 2.108195 1478.347559 -2.080595 8241.159663 0.008774
721 10.611819 1478.120075 2.108194 1478.120075 -2.080596 8241.159663 0.008774
722 10.611559 1477.891580 2.108193 1477.891580 -2.080597 8241.159663 0.008774
723 10.611297 1477.662056 2.108192 1477.662056 -2.080598 8241.159663 0.008774
724 10.611035 1477.431485 2.108191 1477.431485 -2.080599 8241.159663 0.008774
725 10.610771 1477.199850 2.108190 1477.199850 -2.080600 8241.159663 0.008774
726 10.610506 1476.967132 2.108189 1476.967132 -2.080601 8241.159663 0.008774
727 10.610240 1476.733312 2.108188 1476.733312 -2.080603 8241.159663 0.008774
728 10.609972 1476.498371 2.108187 1476.498371 -2.080604 8241.159663 0.008774
729 10.609703 1476.262290 2.108185 1476.262290 -2.080605 8241.159663 0.008774
730 10.609433 1476.025047 2.108184 1476.025047 -2.080606 8241.159663 0.008774
731 10.609162 1475.786622 2.108183 1475.786622 -2.080607 8241.159663 0.008774
732 10.608889 1475.546993 2.108182 1475.546993 -2.080608 8241.159663 0.008774
733 10.608615 1475.306138 2.108181 1475.306138 -2.080609 8241.159663 0.008774
734 10.608340 1475.064035 2.108180 1475.064035 -2.080611 8241.159663 0.008774
735 10.608063 1474.820660 2.108178 1474.820660 -2.080612 8241.159663 0.008774
736 10.607785 1474.575990 2.108177 1474.575990 -2.080613 8241.159663 0.008774
737 10.607505 1474.329999 2.108176 1474.329999 -2.080614 8241.159663 0.008774
738 10.607224 1474.082662 2.108175 1474.082662 -2.080615 8241.159663 0.008774
739 10.606942 1473.833954 2.108174 1473.833954 -2.080617 8241.159663 0.008774
740 10.606658 1473.583848 2.108172 1473.583848 -2.080618 8241.159663 0.008774
741 10.606372 1473.332315 2.108171 1473.332315 -2.080619 8241.159663 0.008774
742 10.606085 1473.079328 2.108170 1473.079328 -2.080620 8241.159663 0.008774
743 10.605797 1472.824857 2.108169 1472.824857 -2.080622 8241.159663 0.008774
744 10.605507 1472.568873 2.108167 1472.568873 -2.080623 8241.159663 0.008774
745 10.605215 1472.311344 2.108166 1472.311344 -2.080624 8241.159663 0.008774
746 10.604921 1472.052238 2.108165 1472.052238 -2.080625 8241.159663 0.008774
747 10.604626 1471.791523 2.108164 1471.791523 -2.080627 8241.159663 0.008774
748 10.604329 1471.529164 2.108162 1471.529164 -2.080628 8241.159663 0.008774
749 10.604030 1471.265127 2.108161 1471.265127 -2.080629 8241.159663 0.008774
750 10.603730 1470.999374 2.108160 1470.999374 -2.080631 8241.159663 0.008774
751 10.603427 1470.731870 2.108158 1470.731870 -2.080632 8241.159663 0.008774
752 10.603123 1470.462576 2.108157 1470.462576 -2.080633 8241.159663 0.008774
753 10.602817 1470.191451 2.108156 1470.191451 -2.080635 8241.159663 0.008774
754 10.602509 1469.918455 2.108154 1469.918455 -2.080636 8241.159663 0.008774
755 10.602199 1469.643545 2.108153 1469.643545 -2.080637 8241.159663 0.008774
756 10.601887 1469.366678 2.108152 1469.366678 -2.080639 8241.159663 0.008774
757 10.601573 1469.087807 2.108150 1469.087807 -2.080640 8241.159663 0.008774
758 10.601257 1468.806887 2.108149 1468.806887 -2.080641 8241.159663 0.008774
759 10.600939 1468.523868 2.108147 1468.523868 -2.080643 8241.159663 0.008774
760 10.600619 1468.238700 2.108146 1468.238700 -2.080644 8241.159663 0.008774
761 10.600296 1467.951332 2.108145 1467.951332 -2.080646 8241.159663 0.008774
762 10.599971 1467.661708 2.108143 1467.661708 -2.080647 8241.159663 0.008774
763 10.599644 1467.369773 2.108142 1467.369773 -2.080648 8241.159663 0.008774
764 10.599314 1467.075470 2.108140 1467.075470 -2.080650 8241.159663 0.008774
765 10.598982 1466.778737 2.108139 1466.778737 -2.080651 8241.159663 0.008774
766 10.598648 1466.479513 2.108137 1466.479513 -2.080653 8241.159663 0.008774
767 10.598311 1466.177732 2.108136 1466.177732 -2.080654 8241.159663 0.008774
768 10.597971 1465.873327 2.108134 1465.873327 -2.080656 8241.159663 0.008774
769 10.597629 1465.566228 2.108133 1465.566228 -2.080657 8241.159663 0.008774
770 10.597284 1465.256362 2.108131 1465.256362 -2.080659 8241.159663 0.008774
771 10.596937 1464.943653 2.108130 1464.943653 -2.080660 8241.159663 0.008774
772 10.596586 1464.628022 2.108128 1464.628022 -2.080662 8241.159663 0.008774
773 10.596233 1464.309388 2.108127 1464.309388 -2.080663 8241.159663 0.008774
774 10.595876 1463.987664 2.108125 1463.987664 -2.080665 8241.159663 0.008774
775 10.595517 1463.662762 2.108124 1463.662762 -2.080667 8241.159663 0.008774
776 10.595154 1463.334587 2.108122 1463.334587 -2.080668 8241.159663 0.008774
777 10.594789 1463.003043 2.108120 1463.003043 -2.080670 8241.159663 0.008774
778 10.594420 1462.668028 2.108119 1462.668028 -2.080671 8241.159663 0.008774
779 10.594047 1462.329436 2.108117 1462.329436 -2.080673 8241.159663 0.008774
780 10.593671 1461.987156 2.108116 1461.987156 -2.080675 8241.159663 0.008774
781 10.593292 1461.641072 2.108114 1461.641072 -2.080676 8241.159663 0.008774
782 10.592909 1461.291061 2.108112 1461.291061 -2.080678 8241.159663 0.008774
783 10.592522 1460.936997 2.108110 1460.936997 -2.080680 8241.159663 0.008774
784 10.592131 1460.578746 2.108109 1460.578746 -2.080681 8241.159663 0.008774
785 10.591736 1460.216168 2.108107 1460.216168 -2.080683 8241.159663 0.008774
786 10.591337 1459.849114 2.108105 1459.849114 -2.080685 8241.159663 0.008774
787 10.590934 1459.477430 2.108103 1459.477430 -2.080687 8241.159663 0.008774
788 10.590527 1459.100954 2.108102 1459.100954 -2.080689 8241.159663 0.008774
789 10.590115 1458.719513 2.108100 1458.719513 -2.080690 8241.159663 0.008774
790 10.589698 1458.332926 2.108098 1458.332926 -2.080692 8241.159663 0.008774
791 10.589277 1457.941003 2.108096 1457.941003 -2.080694 8241.159663 0.008774
792 10.588851 1457.543543 2.108094 1457.543543 -2.080696 8241.159663 0.008774
793 10.588419 1457.140332 2.108092 1457.140332 -2.080698 8241.159663 0.008774
794 10.587983 1456.731145 2.108090 1456.731145 -2.080700 8241.159663 0.008774
795 10.587541 1456.315744 2.108088 1456.315744 -2.080702 8241.159663 0.008774
796 10.587093 1455.893876 2.108086 1455.893876 -2.080704 8241.159663 0.008774
797 10.586639 1455.465273 2.108084 1455.465273 -2.080706 8241.159663 0.008774
798 10.586179 1455.029650 2.108082 1455.029650 -2.080708 8241.159663 0.008774
799 10.585713 1454.586702 2.108080 1454.586702 -2.080710 8241.159663 0.008774
800 10.585241 1454.136108 2.108078 1454.136108 -2.080712 8241.159663 0.008774
801 10.584762 1453.677523 2.108076 1453.677523 -2.080714 8241.159663 0.008774
802 10.584275 1453.210578 2.108074 1453.210578 -2.080716 8241.159663 0.008774
803 10.583782 1452.734879 2.108072 1452.734879 -2.080719 8241.159663 0.008774
804 10.583280 1452.250004 2.108069 1452.250004 -2.080721 8241.159663 0.008774
805 10.582771 1451.755502 2.108067 1451.755502 -2.080723 8241.159663 0.008774
806 10.582253 1451.250884 2.108065 1451.250884 -2.080725 8241.159663 0.008774
807 10.581726 1450.735628 2.108062 1450.735628 -2.080728 8241.159663 0.008774
808 10.581191 1450.209167 2.108060 1450.209167 -2.080730 8241.159663 0.008774
809 10.580646 1449.670891 2.108058 1449.670891 -2.080733 8241.159663 0.008774
810 10.580091 1449.120139 2.108055 1449.120139 -2.080735 8241.159663 0.008774
811 10.579525 1448.556192 2.108053 1448.556192 -2.080738 8241.159663 0.008774
812 10.578948 1447.978269 2.108050 1447.978269 -2.080740 8241.159663 0.008774
813 10.578360 1447.385519 2.108047 1447.385519 -2.080743 8241.159663 0.008774
814 10.577759 1446.777011 2.108045 1446.777011 -2.080745 8241.159663 0.008774
815 10.577145 1446.151724 2.108042 1446.151724 -2.080748 8241.159663 0.008774
816 10.576517 1445.508538 2.108039 1445.508538 -2.080751 8241.159663 0.008774
817 10.575875 1444.846215 2.108036 1444.846215 -2.080754 8241.159663 0.008774
818 10.575218 1444.163389 2.108033 1444.163389 -2.080757 8241.159663 0.008774
819 10.574543 1443.458541 2.108030 1443.458541 -2.080760 8241.159663 0.008774
820 10.573852 1442.729981 2.108027 1442.729981 -2.080763 8241.159663 0.008774
821 10.573141 1441.975817 2.108024 1441.975817 -2.080766 8241.159663 0.008774
822 10.572410 1441.193924 2.108021 1441.193924 -2.080769 8241.159663 0.008774
823 10.571657 1440.381907 2.108018 1440.381907 -2.080773 8241.159663 0.008774
824 10.570881 1439.537045 2.108014 1439.537045 -2.080776 8241.159663 0.008774
825 10.570079 1438.656238 2.108011 1438.656238 -2.080780 8241.159663 0.008774
826 10.569250 1437.735929 2.108007 1437.735929 -2.080783 8241.159663 0.008774
827 10.568390 1436.772011 2.108003 1436.772011 -2.080787 8241.159663 0.008774
828 10.567497 1435.759706 2.107999 1435.759706 -2.080791 8241.159663 0.008774
829 10.566568 1434.693416 2.107995 1434.693416 -2.080795 8241.159663 0.008774
830 10.565598 1433.566516 2.107991 1433.566516 -2.080799 8241.159663 0.008774
831 10.564583 1432.371096 2.107986 1432.371096 -2.080804 8241.159663 0.008774
832 10.563517 1431.097600 2.107982 1431.097600 -2.080808 8241.159663 0.008774
833 10.562393 1429.734342 2.107977 1429.734342 -2.080813 8241.159663 0.008774
834 10.561204 1428.266816 2.107972 1428.266816 -2.080818 8241.159663 0.008774
835 10.559938 1426.676719 2.107966 1426.676719 -2.080824 8241.159663 0.008774
836 10.558583 1424.940497 2.107961 1424.940497 -2.080830 8241.159663 0.008774
837 10.557123 1423.027126 2.107954 1423.027126 -2.080836 8241.159663 0.008774
838 10.555534 1420.894583 2.107948 1420.894583 -2.080843 8241.159663 0.008774
