10 83.293644 150.365337 -3.133510 150.365337 -3.133510 2319.614414 0.002164
11 83.293644 150.364411 -3.133510 150.364411 -3.133510 2319.614414 0.002164
12 83.293644 150.363397 -3.133510 150.363397 -3.133510 2319.614414 0.002164
13 83.293644 150.362295 -3.133510 150.362295 -3.133510 2319.614414 0.002164
14 83.293644 150.361105 -3.133510 150.361105 -3.133510 2319.614414 0.002164
15 83.293644 150.359826 -3.133510 150.359826 -3.133510 2319.614414 0.002164
16 83.293644 150.358459 -3.133510 150.358459 -3.133510 2319.614414 0.002164
17 83.293644 150.357005 -3.133510 150.357005 -3.133510 2319.614414 0.002164
18 83.293644 150.355462 -3.133510 150.355462 -3.133510 2319.614414 0.002164
19 83.293644 150.353831 -3.133510 150.353831 -3.133510 2319.614414 0.002164
20 83.293644 150.352111 -3.133510 150.352111 -3.133510 2319.614414 0.002164
21 83.293644 150.350304 -3.133510 150.350304 -3.133510 2319.614414 0.002164
22 83.293644 150.348408 -3.133510 150.348408 -3.133510 2319.614414 0.002164
23 83.293643 150.346425 -3.133510 150.346425 -3.133510 2319.614414 0.002164
24 83.293643 150.344353 -3.133510 150.344353 -3.133510 2319.614414 0.002164
25 83.293643 150.342193 -3.133510 150.342193 -3.133510 2319.614414 0.002164
26 83.293642 150.339945 -3.133510 150.339945 -3.133510 2319.614414 0.002164
27 83.293642 150.337609 -3.133510 150.337609 -3.133510 2319.614414 0.002164
28 83.293641 150.335185 -3.133510 150.335185 -3.133510 2319.614414 0.002164
29 83.293641 150.332673 -3.133510 150.332673 -3.133510 2319.614414 0.002164
30 83.293640 150.330072 -3.133510 150.330072 -3.133510 2319.614414 0.002164
31 83.293640 150.327384 -3.133510 150.327384 -3.133510 2319.614414 0.002164
32 83.293639 150.324607 -3.133510 150.324607 -3.133510 2319.614414 0.002164
33 83.293638 150.321743 -3.133510 150.321743 -3.133510 2319.614414 0.002164
34 83.293637 150.318790 -3.133510 150.318790 -3.133510 2319.614414 0.002164
35 83.293636 150.315749 -3.133510 150.315749 -3.133510 2319.614414 0.002164
36 83.293635 150.312620 -3.133510 150.312620 -3.133510 2319.614414 0.002164
37 83.293634 150.309404 -3.133510 150.309404 -3.133510 2319.614414 0.002164
38 83.293633 150.306099 -3.133510 150.306099 -3.133510 2319.614414 0.002164
39 83.293631 150.302706 -3.133510 150.302706 -3.133510 2319.614414 0.002164
40 83.293630 150.299225 -3.133510 150.299225 -3.133510 2319.614414 0.002164
41 83.293628 150.295656 -3.133510 150.295656 -3.133510 2319.614414 0.002164
42 83.293627 150.291999 -3.133510 150.291999 -3.133510 2319.614414 0.002164
43 83.293625 150.288254 -3.133510 150.288254 -3.133510 2319.614414 0.002164
44 83.293623 150.284421 -3.133510 150.284421 -3.133510 2319.614414 0.002164
45 83.293621 150.280500 -3.133510 150.280500 -3.133510 2319.614414 0.002164
46 83.293619 150.276491 -3.133510 150.276491 -3.133510 2319.614414 0.002164
47 83.293617 150.272394 -3.133510 150.272394 -3.133510 2319.614414 0.002164
48 83.293615 150.268209 -3.133510 150.268209 -3.133510 2319.614414 0.002164
49 83.293613 150.263936 -3.133510 150.263936 -3.133510 2319.614414 0.002164
50 83.293611 150.259575 -3.133510 150.259575 -3.133510 2319.614414 0.002164
51 83.293608 150.255126 -3.133510 150.255126 -3.133510 2319.614414 0.002164
52 83.293606 150.250590 -3.133510 150.250590 -3.133510 2319.614414 0.002164
53 83.293603 150.245965 -3.133510 150.245965 -3.133510 2319.614414 0.002164
54 83.293600 150.241252 -3.133510 150.241252 -3.133510 2319.614414 0.002164
55 83.293597 150.236452 -3.133510 150.236452 -3.133510 2319.614414 0.002164
56 83.293594 150.231563 -3.133510 150.231563 -3.133510 2319.614414 0.002164
57 83.293591 150.226587 -3.133510 150.226587 -3.133510 2319.614414 0.002164
58 83.293587 150.221523 -3.133510 150.221523 -3.133510 2319.614414 0.002164
59 83.293584 150.216371 -3.133510 150.216371 -3.133510 2319.614414 0.002164
60 83.293580 150.211131 -3.133510 150.211131 -3.133510 2319.614414 0.002164
61 83.293576 150.205803 -3.133510 150.205803 -3.133510 2319.614414 0.002164
62 83.293572 150.200388 -3.133510 150.200388 -3.133510 2319.614414 0.002164
63 83.293567 150.194885 -3.133510 150.194885 -3.133510 2319.614414 0.002164
64 83.293563 150.189294 -3.133510 150.189294 -3.133510 2319.614414 0.002164
65 83.293558 150.183615 -3.133510 150.183615 -3.133510 2319.614414 0.002164
66 83.293553 150.177848 -3.133510 150.177848 -3.133510 2319.614414 0.002164
67 83.293548 150.171994 -3.133510 150.171994 -3.133510 2319.614414 0.002164
68 83.293542 150.166051 -3.133510 150.166051 -3.133510 2319.614414 0.002164
69 83.293536 150.160022 -3.133510 150.160022 -3.133510 2319.614414 0.002164
70 83.293530 150.153904 -3.133510 150.153904 -3.133510 2319.614414 0.002164
71 83.293524 150.147699 -3.133510 150.147699 -3.133510 2319.614414 0.002164
72 83.293517 150.141406 -3.133510 150.141406 -3.133510 2319.614414 0.002164
73 83.293510 150.135025 -3.133510 150.135025 -3.133510 2319.614414 0.002164
74 83.293503 150.128557 -3.133510 150.128557 -3.133510 2319.614414 0.002164
75 83.293495 150.122001 -3.133510 150.122001 -3.133510 2319.614414 0.002164
76 83.293487 150.115358 -3.133510 150.115358 -3.133510 2319.614414 0.002164
77 83.293478 150.108626 -3.133510 150.108626 -3.133510 2319.614414 0.002164
78 83.293470 150.101808 -3.133510 150.101808 -3.133510 2319.614414 0.002164
79 83.293460 150.094902 -3.133510 150.094902 -3.133510 2319.614414 0.002164
80 83.293451 150.087908 -3.133510 150.087908 -3.133510 2319.614414 0.002164
81 83.293441 150.080826 -3.133510 150.080826 -3.133510 2319.614414 0.002164
82 83.293430 150.073658 -3.133510 150.073658 -3.133510 2319.614414 0.002164
83 83.293419 150.066401 -3.133510 150.066401 -3.133510 2319.614414 0.002164
84 83.293407 150.059057 -3.133510 150.059057 -3.133510 2319.614414 0.002164
85 83.293396 150.051626 -3.133510 150.051626 -3.133510 2319.614414 0.002164
86 83.293383 150.044107 -3.133510 150.044107 -3.133510 2319.614414 0.002164
87 83.293370 150.036501 -3.133510 150.036501 -3.133510 2319.614414 0.002164
88 83.293357 150.028808 -3.133510 150.028808 -3.133510 2319.614414 0.002164
89 83.293343 150.021027 -3.133510 150.021027 -3.133510 2319.614414 0.002164
90 83.293328 150.013158 -3.133510 150.013158 -3.133510 2319.614414 0.002164
91 83.293313 150.005203 -3.133510 150.005203 -3.133510 2319.614414 0.002164
92 83.293297 149.997160 -3.133510 149.997160 -3.133510 2319.614414 0.002164
93 83.293281 149.989030 -3.133510 149.989030 -3.133510 2319.614414 0.002164
94 83.293264 149.980812 -3.133510 149.980812 -3.133510 2319.614414 0.002164
95 83.293247 149.972507 -3.133510 149.972507 -3.133510 2319.614414 0.002164
96 83.293229 149.964115 -3.133510 149.964115 -3.133510 2319.614414 0.002164
97 83.293210 149.955636 -3.133510 149.955636 -3.133510 2319.614414 0.002164
98 83.293191 149.947069 -3.133510 149.947069 -3.133510 2319.614414 0.002164
99 83.293171 149.938415 -3.133510 149.938415 -3.133510 2319.614414 0.002164
100 83.293150 149.929675 -3.133510 149.929675 -3.133510 2319.614414 0.002164
101 83.293129 149.920847 -3.133510 149.920847 -3.133510 2319.614414 0.002164
102 83.293107 149.911931 -3.133510 149.911931 -3.133510 2319.614414 0.002164
103 83.293084 149.902929 -3.133510 149.902929 -3.133510 2319.614414 0.002164
104 83.293061 149.893840 -3.133510 149.893840 -3.133510 2319.614414 0.002164
105 83.293037 149.884664 -3.133510 149.884664 -3.133510 2319.614414 0.002164
106 83.293012 149.875400 -3.133510 149.875400 -3.133510 2319.614414 0.002164
107 83.292986 149.866050 -3.133510 149.866050 -3.133510 2319.614414 0.002164
108 83.292960 149.856613 -3.133510 149.856613 -3.133510 2319.614414 0.002164
109 83.292933 149.847088 -3.133510 149.847088 -3.133510 2319.614414 0.002164
110 83.292905 149.837477 -3.133510 149.837477 -3.133510 2319.614414 0.002164
111 83.292876 149.827779 -3.133510 149.827779 -3.133510 2319.614414 0.002164
112 83.292846 149.817995 -3.133510 149.817995 -3.133510 2319.614414 0.002164
113 83.292816 149.808123 -3.133510 149.808123 -3.133510 2319.614414 0.002164
114 83.292784 149.798165 -3.133510 149.798165 -3.133510 2319.614414 0.002164
115 83.292752 149.788119 -3.133510 149.788119 -3.133510 2319.614414 0.002164
116 83.292719 149.777988 -3.133510 149.777988 -3.133510 2319.614414 0.002164
117 83.292685 149.767769 -3.133510 149.767769 -3.133510 2319.614414 0.002164
118 83.292650 149.757464 -3.133510 149.757464 -3.133510 2319.614414 0.002164
119 83.292614 149.747072 -3.133510 149.747072 -3.133510 2319.614414 0.002164
120 83.292578 149.736594 -3.133510 149.736594 -3.133510 2319.614414 0.002164
121 83.292540 149.726029 -3.133510 149.726029 -3.133510 2319.614414 0.002164
122 83.292501 149.715378 -3.133510 149.715378 -3.133510 2319.614414 0.002164
123 83.292461 149.704640 -3.133510 149.704640 -3.133510 2319.614414 0.002164
124 83.292421 149.693816 -3.133510 149.693816 -3.133510 2319.614414 0.002164
125 83.292379 149.682906 -3.133510 149.682906 -3.133510 2319.614414 0.002164
126 83.292336 149.671909 -3.133510 149.671909 -3.133510 2319.614414 0.002164
127 83.292292 149.660826 -3.133510 149.660826 -3.133510 2319.614414 0.002164
128 83.292247 149.649657 -3.133510 149.649657 -3.133510 2319.614414 0.002164
129 83.292201 149.638402 -3.133510 149.638402 -3.133510 2319.614414 0.002164
130 83.292154 149.627060 -3.133510 149.627060 -3.133510 2319.614414 0.002164
131 83.292105 149.615633 -3.133510 149.615633 -3.133510 2319.614414 0.002164
132 83.292056 149.604120 -3.133510 149.604120 -3.133510 2319.614414 0.002164
133 83.292005 149.592520 -3.133510 149.592520 -3.133510 2319.614414 0.002164
134 83.291953 149.580835 -3.133510 149.580835 -3.133510 2319.614414 0.002164
135 83.291900 149.569064 -3.133510 149.569064 -3.133510 2319.614414 0.002164
136 83.291846 149.557208 -3.133510 149.557208 -3.133510 2319.614414 0.002164
137 83.291790 149.545265 -3.133510 149.545265 -3.133510 2319.614414 0.002164
138 83.291733 149.533237 -3.133510 149.533237 -3.133510 2319.614414 0.002164
139 83.291675 149.521124 -3.133510 149.521124 -3.133510 2319.614414 0.002164
140 83.291615 149.508925 -3.133510 149.508925 -3.133510 2319.614414 0.002164
141 83.291555 149.496641 -3.133510 149.496641 -3.133510 2319.614414 0.002164
142 83.291492 149.484271 -3.133510 149.484271 -3.133510 2319.614414 0.002164
143 83.291429 149.471816 -3.133510 149.471816 -3.133510 2319.614414 0.002164
144 83.291364 149.459276 -3.133510 149.459276 -3.133510 2319.614414 0.002164
145 83.291297 149.446651 -3.133510 149.446651 -3.133510 2319.614414 0.002164
146 83.291229 149.433941 -3.133510 149.433941 -3.133510 2319.614414 0.002164
147 83.291160 149.421146 -3.133510 149.421146 -3.133510 2319.614414 0.002164
148 83.291089 149.408267 -3.133510 149.408267 -3.133510 2319.614414 0.002164
149 83.291017 149.395302 -3.133510 149.395302 -3.133510 2319.614414 0.002164
150 83.290943 149.382253 -3.133510 149.382253 -3.133510 2319.614414 0.002164
151 83.290867 149.369119 -3.133510 149.369119 -3.133510 2319.614414 0.002164
152 83.290790 149.355901 -3.133510 149.355901 -3.133510 2319.614414 0.002164
153 83.290711 149.342599 -3.133510 149.342599 -3.133510 2319.614414 0.002164
154 83.290631 149.329212 -3.133510 149.329212 -3.133510 2319.614414 0.002164
155 83.290549 149.315741 -3.133510 149.315741 -3.133510 2319.614414 0.002164
156 83.290465 149.302187 -3.133510 149.302187 -3.133510 2319.614414 0.002164
157 83.290380 149.288548 -3.133511 149.288548 -3.133511 2319.614414 0.002164
158 83.290293 149.274825 -3.133511 149.274825 -3.133511 2319.614414 0.002164
159 83.290204 149.261019 -3.133511 149.261019 -3.133511 2319.614414 0.002164
160 83.290113 149.247129 -3.133511 149.247129 -3.133511 2319.614414 0.002164
161 83.290021 149.233156 -3.133511 149.233156 -3.133511 2319.614414 0.002164
162 83.289926 149.219099 -3.133511 149.219099 -3.133511 2319.614414 0.002164
163 83.289830 149.204959 -3.133511 149.204959 -3.133511 2319.614414 0.002164
164 83.289732 149.190736 -3.133511 149.190736 -3.133511 2319.614414 0.002164
165 83.289632 149.176430 -3.133511 149.176430 -3.133511 2319.614414 0.002164
166 83.289530 149.162041 -3.133511 149.162041 -3.133511 2319.614414 0.002164
167 83.289427 149.147570 -3.133511 149.147570 -3.133511 2319.614414 0.002164
168 83.289321 149.133016 -3.133511 149.133016 -3.133511 2319.614414 0.002164
169 83.289213 149.118379 -3.133511 149.118379 -3.133511 2319.614414 0.002164
170 83.289103 149.103660 -3.133511 149.103660 -3.133511 2319.614414 0.002164
171 83.288992 149.088859 -3.133511 149.088859 -3.133511 2319.614414 0.002164
172 83.288878 149.073976 -3.133511 149.073976 -3.133511 2319.614414 0.002164
173 83.288762 149.059011 -3.133511 149.059011 -3.133511 2319.614414 0.002164
174 83.288644 149.043964 -3.133511 149.043964 -3.133511 2319.614414 0.002164
175 83.288524 149.028836 -3.133511 149.028836 -3.133511 2319.614414 0.002164
176 83.288401 149.013626 -3.133511 149.013626 -3.133511 2319.614414 0.002164
177 83.288277 148.998335 -3.133511 148.998335 -3.133511 2319.614414 0.002164
178 83.288150 148.982963 -3.133511 148.982963 -3.133511 2319.614414 0.002164
179 83.288021 148.967510 -3.133511 148.967510 -3.133511 2319.614414 0.002164
180 83.287890 148.951976 -3.133511 148.951976 -3.133511 2319.614414 0.002164
181 83.287757 148.936361 -3.133511 148.936361 -3.133511 2319.614414 0.002164
182 83.287621 148.920666 -3.133511 148.920666 -3.133511 2319.614414 0.002164
183 83.287483 148.904891 -3.133511 148.904891 -3.133511 2319.614414 0.002164
184 83.287342 148.889036 -3.133511 148.889036 -3.133511 2319.614414 0.002164
185 83.287200 148.873100 -3.133511 148.873100 -3.133511 2319.614414 0.002164
186 83.287054 148.857085 -3.133511 148.857085 -3.133511 2319.614414 0.002164
187 83.286907 148.840990 -3.133511 148.840990 -3.133511 2319.614414 0.002164
188 83.286757 148.824816 -3.133511 148.824816 -3.133511 2319.614414 0.002164
189 83.286604 148.808562 -3.133511 148.808562 -3.133511 2319.614414 0.002164
190 83.286449 148.792229 -3.133511 148.792229 -3.133511 2319.614414 0.002164
191 83.286292 148.775818 -3.133511 148.775818 -3.133511 2319.614414 0.002164
192 83.286132 148.759328 -3.133511 148.759328 -3.133511 2319.614414 0.002164
193 83.285970 148.742759 -3.133511 148.742759 -3.133511 2319.614414 0.002164
194 83.285805 148.726112 -3.133511 148.726112 -3.133511 2319.614414 0.002164
195 83.285637 148.709387 -3.133511 148.709387 -3.133511 2319.614414 0.002164
196 83.285467 148.692584 -3.133511 148.692584 -3.133511 2319.614414 0.002164
197 83.285294 148.675703 -3.133511 148.675703 -3.133511 2319.614414 0.002164
198 83.285118 148.658744 -3.133511 148.658744 -3.133511 2319.614414 0.002164
199 83.284940 148.641709 -3.133511 148.641709 -3.133511 2319.614414 0.002164
200 83.284759 148.624596 -3.133511 148.624596 -3.133511 2319.614414 0.002164
201 83.284576 148.607406 -3.133511 148.607406 -3.133511 2319.614414 0.002164
202 83.284390 148.590139 -3.133511 148.590139 -3.133511 2319.614414 0.002164
203 83.284201 148.572796 -3.133511 148.572796 -3.133511 2319.614414 0.002164
204 83.284009 148.555377 -3.133511 148.555377 -3.133511 2319.614414 0.002164
205 83.283814 148.537882 -3.133511 148.537882 -3.133511 2319.614414 0.002164
206 83.283617 148.520310 -3.133511 148.520310 -3.133511 2319.614414 0.002164
207 83.283417 148.502663 -3.133511 148.502663 -3.133511 2319.614414 0.002164
208 83.283214 148.484941 -3.133511 148.484941 -3.133511 2319.614414 0.002164
209 83.283008 148.467143 -3.133511 148.467143 -3.133511 2319.614414 0.002164
210 83.282799 148.449271 -3.133511 148.449271 -3.133511 2319.614414 0.002164
211 83.282588 148.431323 -3.133511 148.431323 -3.133511 2319.614414 0.002164
212 83.282373 148.413301 -3.133511 148.413301 -3.133511 2319.614414 0.002164
213 83.282155 148.395205 -3.133511 148.395205 -3.133511 2319.614414 0.002164
214 83.281935 148.377034 -3.133511 148.377034 -3.133511 2319.614414 0.002164
215 83.281712 148.358790 -3.133511 148.358790 -3.133511 2319.614414 0.002164
216 83.281485 148.340472 -3.133511 148.340472 -3.133511 2319.614414 0.002164
217 83.281256 148.322080 -3.133511 148.322080 -3.133511 2319.614414 0.002164
218 83.281023 148.303616 -3.133511 148.303616 -3.133511 2319.614414 0.002164
219 83.280788 148.285078 -3.133511 148.285078 -3.133511 2319.614414 0.002164
220 83.280549 148.266468 -3.133511 148.266468 -3.133511 2319.614414 0.002164
221 83.280308 148.247785 -3.133511 148.247785 -3.133511 2319.614414 0.002164
222 83.280063 148.229030 -3.133511 148.229030 -3.133511 2319.614414 0.002164
223 83.279816 148.210203 -3.133511 148.210203 -3.133511 2319.614414 0.002164
224 83.279565 148.191304 -3.133511 148.191304 -3.133511 2319.614414 0.002164
225 83.279311 148.172333 -3.133511 148.172333 -3.133511 2319.614414 0.002164
226 83.279054 148.153292 -3.133511 148.153292 -3.133511 2319.614414 0.002164
227 83.278793 148.134179 -3.133511 148.134179 -3.133511 2319.614414 0.002164
228 83.278530 148.114995 -3.133511 148.114995 -3.133511 2319.614414 0.002164
229 83.278263 148.095741 -3.133511 148.095741 -3.133511 2319.614414 0.002164
230 83.277993 148.076417 -3.133511 148.076417 -3.133511 2319.614414 0.002164
231 83.277720 148.057022 -3.133511 148.057022 -3.133511 2319.614414 0.002164
232 83.277444 148.037558 -3.133511 148.037558 -3.133511 2319.614414 0.002164
233 83.277164 148.018024 -3.133511 148.018024 -3.133511 2319.614414 0.002164
234 83.276882 147.998420 -3.133511 147.998420 -3.133511 2319.614414 0.002164
235 83.276596 147.978748 -3.133511 147.978748 -3.133511 2319.614414 0.002164
236 83.276306 147.959007 -3.133511 147.959007 -3.133511 2319.614414 0.002164
237 83.276014 147.939197 -3.133511 147.939197 -3.133511 2319.614414 0.002164
238 83.275718 147.919319 -3.133511 147.919319 -3.133511 2319.614414 0.002164
239 83.275418 147.899373 -3.133511 147.899373 -3.133511 2319.614414 0.002164
240 83.275116 147.879359 -3.133511 147.879359 -3.133511 2319.614414 0.002164
241 83.274810 147.859278 -3.133511 147.859278 -3.133511 2319.614414 0.002164
242 83.274501 147.839129 -3.133511 147.839129 -3.133511 2319.614414 0.002164
243 83.274188 147.818913 -3.133511 147.818913 -3.133511 2319.614414 0.002164
244 83.273872 147.798630 -3.133511 147.798630 -3.133511 2319.614414 0.002164
245 83.273552 147.778281 -3.133511 147.778281 -3.133511 2319.614414 0.002164
246 83.273230 147.757866 -3.133511 147.757866 -3.133511 2319.614414 0.002164
247 83.272903 147.737385 -3.133511 147.737385 -3.133511 2319.614414 0.002164
248 83.272574 147.716837 -3.133511 147.716837 -3.133511 2319.614414 0.002164
249 83.272240 147.696225 -3.133511 147.696225 -3.133511 2319.614414 0.002164
250 83.271904 147.675547 -3.133511 147.675547 -3.133511 2319.614414 0.002164
251 83.271564 147.654804 -3.133511 147.654804 -3.133511 2319.614414 0.002164
252 83.271220 147.633997 -3.133511 147.633997 -3.133511 2319.614414 0.002164
253 83.270873 147.613125 -3.133511 147.613125 -3.133511 2319.614414 0.002164
254 83.270523 147.592188 -3.133511 147.592188 -3.133511 2319.614414 0.002164
255 83.270169 147.571188 -3.133511 147.571188 -3.133511 2319.614414 0.002164
256 83.269812 147.550125 -3.133511 147.550125 -3.133511 2319.614414 0.002164
257 83.269451 147.528998 -3.133511 147.528998 -3.133511 2319.614414 0.002164
258 83.269086 147.507807 -3.133511 147.507807 -3.133511 2319.614414 0.002164
259 83.268718 147.486554 -3.133511 147.486554 -3.133511 2319.614414 0.002164
260 83.268347 147.465239 -3.133511 147.465239 -3.133511 2319.614414 0.002164
261 83.267972 147.443861 -3.133511 147.443861 -3.133511 2319.614414 0.002164
262 83.267593 147.422420 -3.133511 147.422420 -3.133511 2319.614414 0.002164
263 83.267211 147.400918 -3.133511 147.400918 -3.133511 2319.614414 0.002164
264 83.266825 147.379355 -3.133511 147.379355 -3.133511 2319.614414 0.002164
265 83.266436 147.357730 -3.133511 147.357730 -3.133511 2319.614414 0.002164
266 83.266043 147.336045 -3.133511 147.336045 -3.133511 2319.614414 0.002164
267 83.265647 147.314298 -3.133511 147.314298 -3.133511 2319.614414 0.002164
268 83.265247 147.292491 -3.133511 147.292491 -3.133511 2319.614414 0.002164
269 83.264843 147.270624 -3.133511 147.270624 -3.133511 2319.614414 0.002164
270 83.264436 147.248697 -3.133511 147.248697 -3.133511 2319.614414 0.002164
271 83.264025 147.226710 -3.133511 147.226710 -3.133511 2319.614414 0.002164
272 83.263610 147.204664 -3.133511 147.204664 -3.133511 2319.614414 0.002164
273 83.263192 147.182558 -3.133511 147.182558 -3.133511 2319.614414 0.002164
274 83.262770 147.160394 -3.133511 147.160394 -3.133511 2319.614414 0.002164
275 83.262345 147.138171 -3.133511 147.138171 -3.133511 2319.614414 0.002164
276 83.261916 147.115890 -3.133511 147.115890 -3.133511 2319.614414 0.002164
277 83.261483 147.093550 -3.133511 147.093550 -3.133511 2319.614414 0.002164
278 83.261047 147.071153 -3.133511 147.071153 -3.133511 2319.614414 0.002164
279 83.260607 147.048698 -3.133511 147.048698 -3.133511 2319.614414 0.002164
280 83.260163 147.026186 -3.133511 147.026186 -3.133511 2319.614414 0.002164
281 83.259716 147.003617 -3.133511 147.003617 -3.133511 2319.614414 0.002164
282 83.259265 146.980991 -3.133511 146.980991 -3.133511 2319.614414 0.002164
283 83.258810 146.958309 -3.133511 146.958309 -3.133511 2319.614414 0.002164
284 83.258352 146.935570 -3.133511 146.935570 -3.133511 2319.614414 0.002164
285 83.257890 146.912776 -3.133511 146.912776 -3.133511 2319.614414 0.002164
286 83.257424 146.889925 -3.133511 146.889925 -3.133511 2319.614414 0.002164
287 83.256955 146.867019 -3.133511 146.867019 -3.133511 2319.614414 0.002164
288 83.256482 146.844058 -3.133511 146.844058 -3.133511 2319.614414 0.002164
289 83.256005 146.821043 -3.133511 146.821043 -3.133511 2319.614414 0.002164
290 83.255524 146.797972 -3.133511 146.797972 -3.133511 2319.614414 0.002164
291 83.255040 146.774847 -3.133511 146.774847 -3.133511 2319.614414 0.002164
292 83.254552 146.751668 -3.133511 146.751668 -3.133511 2319.614414 0.002164
293 83.254060 146.728435 -3.133511 146.728435 -3.133511 2319.614414 0.002164
294 83.253565 146.705148 -3.133511 146.705148 -3.133511 2319.614414 0.002164
295 83.253066 146.681808 -3.133511 146.681808 -3.133511 2319.614414 0.002164
296 83.252563 146.658415 -3.133511 146.658415 -3.133511 2319.614414 0.002164
297 83.252057 146.634968 -3.133511 146.634968 -3.133511 2319.614414 0.002164
298 83.251546 146.611470 -3.133511 146.611470 -3.133511 2319.614414 0.002164
299 83.251033 146.587919 -3.133511 146.587919 -3.133511 2319.614414 0.002164
300 83.250516 146.564315 -3.133511 146.564315 -3.133511 2319.614414 0.002164
301 83.249995 146.540660 -3.133511 146.540660 -3.133511 2319.614414 0.002164
302 83.249470 146.516954 -3.133511 146.516954 -3.133511 2319.614414 0.002164
303 83.248941 146.493196 -3.133511 146.493196 -3.133511 2319.614414 0.002164
304 83.248409 146.469387 -3.133511 146.469387 -3.133511 2319.614414 0.002164
305 83.247873 146.445527 -3.133511 146.445527 -3.133511 2319.614414 0.002164
306 83.247333 146.421617 -3.133511 146.421617 -3.133511 2319.614414 0.002164
307 83.246790 146.397656 -3.133511 146.397656 -3.133511 2319.614414 0.002164
308 83.246243 146.373646 -3.133511 146.373646 -3.133511 2319.614414 0.002164
309 83.245692 146.349585 -3.133511 146.349585 -3.133511 2319.614414 0.002164
310 83.245137 146.325475 -3.133511 146.325475 -3.133511 2319.614414 0.002164
311 83.244579 146.301316 -3.133511 146.301316 -3.133511 2319.614414 0.002164
312 83.244017 146.277108 -3.133511 146.277108 -3.133511 2319.614414 0.002164
313 83.243451 146.252851 -3.133511 146.252851 -3.133511 2319.614414 0.002164
314 83.242881 146.228545 -3.133511 146.228545 -3.133511 2319.614414 0.002164
315 83.242308 146.204191 -3.133511 146.204191 -3.133511 2319.614414 0.002164
316 83.241731 146.179789 -3.133511 146.179789 -3.133511 2319.614414 0.002164
317 83.241150 146.155339 -3.133511 146.155339 -3.133511 2319.614414 0.002164
318 83.240565 146.130842 -3.133511 146.130842 -3.133511 2319.614414 0.002164
319 83.239977 146.106298 -3.133511 146.106298 -3.133511 2319.614414 0.002164
320 83.239385 146.081706 -3.133511 146.081706 -3.133511 2319.614414 0.002164
321 83.238789 146.057068 -3.133511 146.057068 -3.133511 2319.614414 0.002164
322 83.238190 146.032383 -3.133511 146.032383 -3.133511 2319.614414 0.002164
323 83.237587 146.007651 -3.133511 146.007651 -3.133511 2319.614414 0.002164
324 83.236980 145.982874 -3.133511 145.982874 -3.133511 2319.614414 0.002164
325 83.236369 145.958051 -3.133511 145.958051 -3.133511 2319.614414 0.002164
326 83.235754 145.933182 -3.133511 145.933182 -3.133511 2319.614414 0.002164
327 83.235136 145.908268 -3.133511 145.908268 -3.133511 2319.614414 0.002164
328 83.234514 145.883309 -3.133511 145.883309 -3.133511 2319.614414 0.002164
329 83.233889 145.858305 -3.133511 145.858305 -3.133511 2319.614414 0.002164
330 83.233259 145.833256 -3.133511 145.833256 -3.133511 2319.614414 0.002164
331 83.232626 145.808163 -3.133511 145.808163 -3.133511 2319.614414 0.002164
332 83.231990 145.783026 -3.133511 145.783026 -3.133511 2319.614414 0.002164
333 83.231349 145.757845 -3.133511 145.757845 -3.133511 2319.614414 0.002164
334 83.230705 145.732620 -3.133511 145.732620 -3.133511 2319.614414 0.002164
335 83.230057 145.707352 -3.133511 145.707352 -3.133511 2319.614414 0.002164
336 83.229405 145.682040 -3.133511 145.682040 -3.133511 2319.614414 0.002164
337 83.228750 145.656686 -3.133511 145.656686 -3.133511 2319.614414 0.002164
338 83.228091 145.631288 -3.133511 145.631288 -3.133511 2319.614414 0.002164
339 83.227428 145.605849 -3.133511 145.605849 -3.133511 2319.614414 0.002164
340 83.226761 145.580367 -3.133511 145.580367 -3.133511 2319.614414 0.002164
341 83.226091 145.554843 -3.133511 145.554843 -3.133511 2319.614414 0.002164
342 83.225417 145.529277 -3.133511 145.529277 -3.133511 2319.614414 0.002164
343 83.224740 145.503669 -3.133511 145.503669 -3.133511 2319.614414 0.002164
344 83.224058 145.478021 -3.133511 145.478021 -3.133511 2319.614414 0.002164
345 83.223373 145.452331 -3.133511 145.452331 -3.133511 2319.614414 0.002164
346 83.222685 145.426600 -3.133511 145.426600 -3.133511 2319.614414 0.002164
347 83.221992 145.400828 -3.133511 145.400828 -3.133511 2319.614414 0.002164
348 83.221296 145.375016 -3.133511 145.375016 -3.133511 2319.614414 0.002164
349 83.220596 145.349164 -3.133511 145.349164 -3.133511 2319.614414 0.002164
350 83.219893 145.323272 -3.133511 145.323272 -3.133511 2319.614414 0.002164
351 83.219186 145.297340 -3.133511 145.297340 -3.133511 2319.614414 0.002164
352 83.218475 145.271368 -3.133511 145.271368 -3.133511 2319.614414 0.002164
353 83.217761 145.245357 -3.133511 145.245357 -3.133511 2319.614414 0.002164
354 83.217043 145.219307 -3.133511 145.219307 -3.133511 2319.614414 0.002164
355 83.216321 145.193218 -3.133511 145.193218 -3.133511 2319.614414 0.002164
356 83.215596 145.167090 -3.133511 145.167090 -3.133511 2319.614414 0.002164
357 83.214867 145.140924 -3.133511 145.140924 -3.133511 2319.614414 0.002164
358 83.214134 145.114720 -3.133511 145.114720 -3.133511 2319.614414 0.002164
359 83.213398 145.088477 -3.133511 145.088477 -3.133511 2319.614414 0.002164
360 83.212658 145.062197 -3.133511 145.062197 -3.133511 2319.614414 0.002164
361 83.211914 145.035879 -3.133511 145.035879 -3.133511 2319.614414 0.002164
362 83.211167 145.009524 -3.133511 145.009524 -3.133511 2319.614414 0.002164
363 83.210416 144.983131 -3.133511 144.983131 -3.133511 2319.614414 0.002164
364 83.209662 144.956702 -3.133511 144.956702 -3.133511 2319.614414 0.002164
365 83.208904 144.930235 -3.133511 144.930235 -3.133511 2319.614414 0.002164
366 83.208142 144.903733 -3.133511 144.903733 -3.133511 2319.614414 0.002164
367 83.207377 144.877194 -3.133511 144.877194 -3.133511 2319.614414 0.002164
368 83.206608 144.850618 -3.133511 144.850618 -3.133511 2319.614414 0.002164
369 83.205835 144.824007 -3.133511 144.824007 -3.133511 2319.614414 0.002164
370 83.205059 144.797360 -3.133511 144.797360 -3.133511 2319.614414 0.002164
371 83.204280 144.770678 -3.133511 144.770678 -3.133511 2319.614414 0.002164
372 83.203496 144.743960 -3.133511 144.743960 -3.133511 2319.614414 0.002164
373 83.202710 144.717207 -3.133511 144.717207 -3.133511 2319.614414 0.002164
374 83.201919 144.690419 -3.133511 144.690419 -3.133511 2319.614414 0.002164
375 83.201125 144.663597 -3.133511 144.663597 -3.133511 2319.614414 0.002164
376 83.200328 144.636740 -3.133511 144.636740 -3.133511 2319.614414 0.002164
377 83.199527 144.609849 -3.133511 144.609849 -3.133511 2319.614414 0.002164
378 83.198722 144.582923 -3.133511 144.582923 -3.133511 2319.614414 0.002164
379 83.197914 144.555964 -3.133511 144.555964 -3.133511 2319.614414 0.002164
380 83.197102 144.528971 -3.133511 144.528971 -3.133511 2319.614414 0.002164
381 83.196287 144.501944 -3.133511 144.501944 -3.133511 2319.614414 0.002164
382 83.195468 144.474885 -3.133511 144.474885 -3.133511 2319.614414 0.002164
383 83.194646 144.447792 -3.133511 144.447792 -3.133511 2319.614414 0.002164
384 83.193820 144.420666 -3.133511 144.420666 -3.133511 2319.614414 0.002164
385 83.192991 144.393507 -3.133511 144.393507 -3.133511 2319.614414 0.002164
386 83.192158 144.366316 -3.133511 144.366316 -3.133511 2319.614414 0.002164
387 83.191322 144.339093 -3.133511 144.339093 -3.133511 2319.614414 0.002164
388 83.190482 144.311837 -3.133511 144.311837 -3.133511 2319.614414 0.002164
389 83.189638 144.284550 -3.133511 144.284550 -3.133511 2319.614414 0.002164
390 83.188792 144.257230 -3.133511 144.257230 -3.133511 2319.614414 0.002164
391 83.187941 144.229879 -3.133511 144.229879 -3.133511 2319.614414 0.002164
392 83.187088 144.202497 -3.133511 144.202497 -3.133511 2319.614414 0.002164
393 83.186230 144.175083 -3.133511 144.175083 -3.133511 2319.614414 0.002164
394 83.185370 144.147639 -3.133511 144.147639 -3.133511 2319.614414 0.002164
395 83.184506 144.120164 -3.133511 144.120164 -3.133511 2319.614414 0.002164
396 83.183638 144.092658 -3.133511 144.092658 -3.133511 2319.614414 0.002164
397 83.182767 144.065121 -3.133511 144.065121 -3.133511 2319.614414 0.002164
398 83.181892 144.037554 -3.133511 144.037554 -3.133511 2319.614414 0.002164
399 83.181015 144.009957 -3.133511 144.009957 -3.133511 2319.614414 0.002164
400 83.180133 143.982331 -3.133511 143.982331 -3.133511 2319.614414 0.002164
401 83.179249 143.954674 -3.133511 143.954674 -3.133511 2319.614414 0.002164
402 83.178360 143.926988 -3.133511 143.926988 -3.133511 2319.614414 0.002164
403 83.177469 143.899272 -3.133511 143.899272 -3.133511 2319.614414 0.002164
404 83.176574 143.871528 -3.133511 143.871528 -3.133511 2319.614414 0.002164
405 83.175676 143.843754 -3.133511 143.843754 -3.133511 2319.614414 0.002164
406 83.174774 143.815951 -3.133511 143.815951 -3.133511 2319.614414 0.002164
407 83.173869 143.788120 -3.133511 143.788120 -3.133511 2319.614414 0.002164
408 83.172960 143.760260 -3.133511 143.760260 -3.133511 2319.614414 0.002164
409 83.172049 143.732372 -3.133511 143.732372 -3.133511 2319.614414 0.002164
410 83.171133 143.704456 -3.133511 143.704456 -3.133511 2319.614414 0.002164
411 83.170215 143.676512 -3.133511 143.676512 -3.133511 2319.614414 0.002164
412 83.169293 143.648540 -3.133511 143.648540 -3.133511 2319.614414 0.002164
413 83.168368 143.620540 -3.133511 143.620540 -3.133511 2319.614414 0.002164
414 83.167439 143.592513 -3.133511 143.592513 -3.133511 2319.614414 0.002164
415 83.166507 143.564458 -3.133511 143.564458 -3.133511 2319.614414 0.002164
416 83.165572 143.536377 -3.133511 143.536377 -3.133511 2319.614414 0.002164
417 83.164634 143.508268 -3.133511 143.508268 -3.133511 2319.614414 0.002164
418 83.163692 143.480133 -3.133511 143.480133 -3.133511 2319.614414 0.002164
419 83.162747 143.451971 -3.133511 143.451971 -3.133511 2319.614414 0.002164
420 83.161798 143.423783 -3.133512 143.423783 -3.133512 2319.614414 0.002164
421 83.160847 143.395568 -3.133512 143.395568 -3.133512 2319.614414 0.002164
422 83.159892 143.367327 -3.133512 143.367327 -3.133512 2319.614414 0.002164
423 83.158934 143.339060 -3.133512 143.339060 -3.133512 2319.614414 0.002164
424 83.157972 143.310767 -3.133512 143.310767 -3.133512 2319.614414 0.002164
425 83.157007 143.282449 -3.133512 143.282449 -3.133512 2319.614414 0.002164
426 83.156039 143.254105 -3.133512 143.254105 -3.133512 2319.614414 0.002164
427 83.155068 143.225736 -3.133512 143.225736 -3.133512 2319.614414 0.002164
428 83.154094 143.197342 -3.133512 143.197342 -3.133512 2319.614414 0.002164
429 83.153116 143.168922 -3.133512 143.168922 -3.133512 2319.614414 0.002164
430 83.152135 143.140478 -3.133512 143.140478 -3.133512 2319.614414 0.002164
431 83.151151 143.112009 -3.133512 143.112009 -3.133512 2319.614414 0.002164
432 83.150164 143.083516 -3.133512 143.083516 -3.133512 2319.614414 0.002164
433 83.149173 143.054998 -3.133512 143.054998 -3.133512 2319.614414 0.002164
434 83.148180 143.026456 -3.133512 143.026456 -3.133512 2319.614414 0.002164
435 83.147183 142.997890 -3.133512 142.997890 -3.133512 2319.614414 0.002164
436 83.146183 142.969299 -3.133512 142.969299 -3.133512 2319.614414 0.002164
437 83.145179 142.940686 -3.133512 142.940686 -3.133512 2319.614414 0.002164
438 83.144173 142.912048 -3.133512 142.912048 -3.133512 2319.614414 0.002164
439 83.143164 142.883387 -3.133512 142.883387 -3.133512 2319.614414 0.002164
440 83.142151 142.854703 -3.133512 142.854703 -3.133512 2319.614414 0.002164
441 83.141135 142.825995 -3.133512 142.825995 -3.133512 2319.614414 0.002164
442 83.140116 142.797265 -3.133512 142.797265 -3.133512 2319.614414 0.002164
443 83.139094 142.768511 -3.133512 142.768511 -3.133512 2319.614414 0.002164
444 83.138069 142.739735 -3.133512 142.739735 -3.133512 2319.614414 0.002164
445 83.137041 142.710936 -3.133512 142.710936 -3.133512 2319.614414 0.002164
446 83.136009 142.682115 -3.133512 142.682115 -3.133512 2319.614414 0.002164
447 83.134975 142.653272 -3.133512 142.653272 -3.133512 2319.614414 0.002164
448 83.133937 142.624406 -3.133512 142.624406 -3.133512 2319.614414 0.002164
449 83.132897 142.595518 -3.133512 142.595518 -3.133512 2319.614414 0.002164
450 83.131853 142.566609 -3.133512 142.566609 -3.133512 2319.614414 0.002164
451 83.130806 142.537678 -3.133512 142.537678 -3.133512 2319.614414 0.002164
452 83.129756 142.508725 -3.133512 142.508725 -3.133512 2319.614414 0.002164
453 83.128703 142.479751 -3.133512 142.479751 -3.133512 2319.614414 0.002164
454 83.127647 142.450755 -3.133512 142.450755 -3.133512 2319.614414 0.002164
455 83.126589 142.421738 -3.133512 142.421738 -3.133512 2319.614414 0.002164
456 83.125527 142.392700 -3.133512 142.392700 -3.133512 2319.614414 0.002164
457 83.124462 142.363642 -3.133512 142.363642 -3.133512 2319.614414 0.002164
458 83.123394 142.334562 -3.133512 142.334562 -3.133512 2319.614414 0.002164
459 83.122323 142.305462 -3.133512 142.305462 -3.133512 2319.614414 0.002164
460 83.121249 142.276342 -3.133512 142.276342 -3.133512 2319.614414 0.002164
461 83.120172 142.247201 -3.133512 142.247201 -3.133512 2319.614414 0.002164
462 83.119092 142.218040 -3.133512 142.218040 -3.133512 2319.614414 0.002164
463 83.118009 142.188859 -3.133512 142.188859 -3.133512 2319.614414 0.002164
464 83.116923 142.159658 -3.133512 142.159658 -3.133512 2319.614414 0.002164
465 83.115834 142.130437 -3.133512 142.130437 -3.133512 2319.614414 0.002164
466 83.114742 142.101196 -3.133512 142.101196 -3.133512 2319.614414 0.002164
467 83.113648 142.071936 -3.133512 142.071936 -3.133512 2319.614414 0.002164
468 83.112550 142.042656 -3.133512 142.042656 -3.133512 2319.614414 0.002164
469 83.111449 142.013357 -3.133512 142.013357 -3.133512 2319.614414 0.002164
470 83.110346 141.984039 -3.133512 141.984039 -3.133512 2319.614414 0.002164
471 83.109240 141.954702 -3.133512 141.954702 -3.133512 2319.614414 0.002164
472 83.108130 141.925346 -3.133512 141.925346 -3.133512 2319.614414 0.002164
473 83.107018 141.895972 -3.133512 141.895972 -3.133512 2319.614414 0.002164
474 83.105903 141.866578 -3.133512 141.866578 -3.133512 2319.614414 0.002164
475 83.104785 141.837166 -3.133512 141.837166 -3.133512 2319.614414 0.002164
476 83.103664 141.807736 -3.133512 141.807736 -3.133512 2319.614414 0.002164
477 83.102541 141.778287 -3.133512 141.778287 -3.133512 2319.614414 0.002164
478 83.101414 141.748821 -3.133512 141.748821 -3.133512 2319.614414 0.002164
479 83.100285 141.719336 -3.133512 141.719336 -3.133512 2319.614414 0.002164
480 83.099153 141.689833 -3.133512 141.689833 -3.133512 2319.614414 0.002164
481 83.098018 141.660313 -3.133512 141.660313 -3.133512 2319.614414 0.002164
482 83.096880 141.630775 -3.133512 141.630775 -3.133512 2319.614414 0.002164
483 83.095739 141.601219 -3.133512 141.601219 -3.133512 2319.614414 0.002164
484 83.094596 141.571646 -3.133512 141.571646 -3.133512 2319.614414 0.002164
485 83.093449 141.542055 -3.133512 141.542055 -3.133512 2319.614414 0.002164
486 83.092300 141.512448 -3.133512 141.512448 -3.133512 2319.614414 0.002164
487 83.091148 141.482823 -3.133512 141.482823 -3.133512 2319.614414 0.002164
488 83.089994 141.453182 -3.133512 141.453182 -3.133512 2319.614414 0.002164
489 83.088836 141.423523 -3.133512 141.423523 -3.133512 2319.614414 0.002164
490 83.087676 141.393848 -3.133512 141.393848 -3.133512 2319.614414 0.002164
491 83.086513 141.364156 -3.133512 141.364156 -3.133512 2319.614414 0.002164
492 83.085348 141.334448 -3.133512 141.334448 -3.133512 2319.614414 0.002164
493 83.084179 141.304723 -3.133512 141.304723 -3.133512 2319.614414 0.002164
494 83.083008 141.274983 -3.133512 141.274983 -3.133512 2319.614414 0.002164
495 83.081834 141.245226 -3.133512 141.245226 -3.133512 2319.614414 0.002164
496 83.080658 141.215452 -3.133512 141.215452 -3.133512 2319.614414 0.002164
497 83.079479 141.185664 -3.133512 141.185664 -3.133512 2319.614414 0.002164
498 83.078297 141.155859 -3.133512 141.155859 -3.133512 2319.614414 0.002164
499 83.077112 141.126038 -3.133512 141.126038 -3.133512 2319.614414 0.002164
500 83.075925 141.096202 -3.133512 141.096202 -3.133512 2319.614414 0.002164
501 83.074735 141.066351 -3.133512 141.066351 -3.133512 2319.614414 0.002164
502 83.073542 141.036484 -3.133512 141.036484 -3.133512 2319.614414 0.002164
503 83.072347 141.006602 -3.133512 141.006602 -3.133512 2319.614414 0.002164
504 83.071149 140.976705 -3.133512 140.976705 -3.133512 2319.614414 0.002164
505 83.069949 140.946792 -3.133512 140.946792 -3.133512 2319.614414 0.002164
506 83.068745 140.916865 -3.133512 140.916865 -3.133512 2319.614414 0.002164
507 83.067539 140.886923 -3.133512 140.886923 -3.133512 2319.614414 0.002164
508 83.066331 140.856966 -3.133512 140.856966 -3.133512 2319.614414 0.002164
509 83.065120 140.826995 -3.133512 140.826995 -3.133512 2319.614414 0.002164
510 83.063906 140.797009 -3.133512 140.797009 -3.133512 2319.614414 0.002164
511 83.062690 140.767009 -3.133512 140.767009 -3.133512 2319.614414 0.002164
512 83.061471 140.736994 -3.133512 140.736994 -3.133512 2319.614414 0.002164
513 83.060250 140.706966 -3.133512 140.706966 -3.133512 2319.614414 0.002164
514 83.059026 140.676923 -3.133512 140.676923 -3.133512 2319.614414 0.002164
515 83.057799 140.646866 -3.133512 140.646866 -3.133512 2319.614414 0.002164
516 83.056570 140.616795 -3.133512 140.616795 -3.133512 2319.614414 0.002164
517 83.055339 140.586711 -3.133512 140.586711 -3.133512 2319.614414 0.002164
518 83.054104 140.556612 -3.133512 140.556612 -3.133512 2319.614414 0.002164
519 83.052868 140.526501 -3.133512 140.526501 -3.133512 2319.614414 0.002164
520 83.051628 140.496375 -3.133512 140.496375 -3.133512 2319.614414 0.002164
521 83.050387 140.466237 -3.133512 140.466237 -3.133512 2319.614414 0.002164
522 83.049142 140.436085 -3.133512 140.436085 -3.133512 2319.614414 0.002164
523 83.047896 140.405920 -3.133512 140.405920 -3.133512 2319.614414 0.002164
524 83.046646 140.375742 -3.133512 140.375742 -3.133512 2319.614414 0.002164
525 83.045395 140.345550 -3.133512 140.345550 -3.133512 2319.614414 0.002164
526 83.044140 140.315346 -3.133512 140.315346 -3.133512 2319.614414 0.002164
527 83.042884 140.285129 -3.133512 140.285129 -3.133512 2319.614414 0.002164
528 83.041625 140.254900 -3.133512 140.254900 -3.133512 2319.614414 0.002164
529 83.040363 140.224658 -3.133512 140.224658 -3.133512 2319.614414 0.002164
530 83.039099 140.194403 -3.133512 140.194403 -3.133512 2319.614414 0.002164
531 83.037832 140.164136 -3.133512 140.164136 -3.133512 2319.614414 0.002164
532 83.036563 140.133856 -3.133512 140.133856 -3.133512 2319.614414 0.002164
533 83.035292 140.103565 -3.133513 140.103565 -3.133513 2319.614414 0.002164
534 83.034018 140.073261 -3.133513 140.073261 -3.133513 2319.614414 0.002164
535 83.032742 140.042945 -3.133513 140.042945 -3.133513 2319.614414 0.002164
536 83.031464 140.012617 -3.133513 140.012617 -3.133513 2319.614414 0.002164
537 83.030183 139.982278 -3.133513 139.982278 -3.133513 2319.614414 0.002164
538 83.028899 139.951926 -3.133513 139.951926 -3.133513 2319.614414 0.002164
539 83.027614 139.921563 -3.133513 139.921563 -3.133513 2319.614414 0.002164
540 83.026326 139.891188 -3.133513 139.891188 -3.133513 2319.614414 0.002164
541 83.025035 139.860802 -3.133513 139.860802 -3.133513 2319.614414 0.002164
542 83.023742 139.830404 -3.133513 139.830404 -3.133513 2319.614414 0.002164
543 83.022447 139.799996 -3.133513 139.799996 -3.133513 2319.614414 0.002164
544 83.021150 139.769575 -3.133513 139.769575 -3.133513 2319.614414 0.002164
545 83.019850 139.739144 -3.133513 139.739144 -3.133513 2319.614414 0.002164
546 83.018548 139.708702 -3.133513 139.708702 -3.133513 2319.614414 0.002164
547 83.017243 139.678248 -3.133513 139.678248 -3.133513 2319.614414 0.002164
548 83.015936 139.647784 -3.133513 139.647784 -3.133513 2319.614414 0.002164
549 83.014627 139.617309 -3.133513 139.617309 -3.133513 2319.614414 0.002164
550 83.013316 139.586823 -3.133513 139.586823 -3.133513 2319.614414 0.002164
551 83.012002 139.556327 -3.133513 139.556327 -3.133513 2319.614414 0.002164
552 83.010686 139.525820 -3.133513 139.525820 -3.133513 2319.614414 0.002164
553 83.009368 139.495303 -3.133513 139.495303 -3.133513 2319.614414 0.002164
554 83.008048 139.464775 -3.133513 139.464775 -3.133513 2319.614414 0.002164
555 83.006725 139.434237 -3.133513 139.434237 -3.133513 2319.614414 0.002164
556 83.005400 139.403688 -3.133513 139.403688 -3.133513 2319.614414 0.002164
557 83.004073 139.373130 -3.133513 139.373130 -3.133513 2319.614414 0.002164
558 83.002743 139.342562 -3.133513 139.342562 -3.133513 2319.614414 0.002164
559 83.001412 139.311983 -3.133513 139.311983 -3.133513 2319.614414 0.002164
560 83.000078 139.281395 -3.133513 139.281395 -3.133513 2319.614414 0.002164
561 82.998742 139.250797 -3.133513 139.250797 -3.133513 2319.614414 0.002164
562 82.997403 139.220189 -3.133513 139.220189 -3.133513 2319.614414 0.002164
563 82.996063 139.189572 -3.133513 139.189572 -3.133513 2319.614414 0.002164
564 82.994720 139.158945 -3.133513 139.158945 -3.133513 2319.614414 0.002164
565 82.993375 139.128308 -3.133513 139.128308 -3.133513 2319.614414 0.002164
566 82.992028 139.097662 -3.133513 139.097662 -3.133513 2319.614414 0.002164
567 82.990679 139.067007 -3.133513 139.067007 -3.133513 2319.614414 0.002164
568 82.989328 139.036343 -3.133513 139.036343 -3.133513 2319.614414 0.002164
569 82.987974 139.005669 -3.133513 139.005669 -3.133513 2319.614414 0.002164
570 82.986618 138.974986 -3.133513 138.974986 -3.133513 2319.614414 0.002164
571 82.985260 138.944295 -3.133513 138.944295 -3.133513 2319.614414 0.002164
572 82.983901 138.913594 -3.133513 138.913594 -3.133513 2319.614414 0.002164
573 82.982538 138.882884 -3.133513 138.882884 -3.133513 2319.614414 0.002164
574 82.981174 138.852166 -3.133513 138.852166 -3.133513 2319.614414 0.002164
575 82.979808 138.821439 -3.133513 138.821439 -3.133513 2319.614414 0.002164
576 82.978439 138.790703 -3.133513 138.790703 -3.133513 2319.614414 0.002164
577 82.977069 138.759959 -3.133513 138.759959 -3.133513 2319.614414 0.002164
578 82.975696 138.729207 -3.133513 138.729207 -3.133513 2319.614414 0.002164
579 82.974322 138.698445 -3.133513 138.698445 -3.133513 2319.614414 0.002164
580 82.972945 138.667676 -3.133513 138.667676 -3.133513 2319.614414 0.002164
581 82.971566 138.636898 -3.133513 138.636898 -3.133513 2319.614414 0.002164
582 82.970185 138.606112 -3.133513 138.606112 -3.133513 2319.614414 0.002164
583 82.968802 138.575318 -3.133513 138.575318 -3.133513 2319.614414 0.002164
584 82.967417 138.544516 -3.133513 138.544516 -3.133513 2319.614414 0.002164
585 82.966030 138.513706 -3.133513 138.513706 -3.133513 2319.614414 0.002164
586 82.964641 138.482888 -3.133513 138.482888 -3.133513 2319.614414 0.002164
587 82.963250 138.452062 -3.133513 138.452062 -3.133513 2319.614414 0.002164
588 82.961857 138.421229 -3.133513 138.421229 -3.133513 2319.614414 0.002164
589 82.960462 138.390387 -3.133513 138.390387 -3.133513 2319.614414 0.002164
590 82.959065 138.359538 -3.133513 138.359538 -3.133513 2319.614414 0.002164
591 82.957666 138.328682 -3.133513 138.328682 -3.133513 2319.614414 0.002164
592 82.956265 138.297818 -3.133513 138.297818 -3.133513 2319.614414 0.002164
593 82.954862 138.266947 -3.133513 138.266947 -3.133513 2319.614414 0.002164
594 82.953457 138.236068 -3.133513 138.236068 -3.133513 2319.614414 0.002164
595 82.952049 138.205182 -3.133513 138.205182 -3.133513 2319.614414 0.002164
596 82.950641 138.174289 -3.133513 138.174289 -3.133513 2319.614414 0.002164
597 82.949230 138.143388 -3.133513 138.143388 -3.133513 2319.614414 0.002164
598 82.947817 138.112481 -3.133513 138.112481 -3.133513 2319.614414 0.002164
599 82.946402 138.081566 -3.133513 138.081566 -3.133513 2319.614414 0.002164
600 82.944985 138.050645 -3.133513 138.050645 -3.133513 2319.614414 0.002164
601 82.943566 138.019717 -3.133513 138.019717 -3.133513 2319.614414 0.002164
602 82.942146 137.988782 -3.133513 137.988782 -3.133513 2319.614414 0.002164
603 82.940723 137.957840 -3.133513 137.957840 -3.133513 2319.614414 0.002164
604 82.939299 137.926891 -3.133513 137.926891 -3.133513 2319.614414 0.002164
605 82.937872 137.895936 -3.133513 137.895936 -3.133513 2319.614414 0.002164
606 82.936444 137.864974 -3.133513 137.864974 -3.133513 2319.614414 0.002164
607 82.935014 137.834006 -3.133513 137.834006 -3.133513 2319.614414 0.002164
608 82.933582 137.803031 -3.133513 137.803031 -3.133513 2319.614414 0.002164
609 82.932148 137.772050 -3.133513 137.772050 -3.133513 2319.614414 0.002164
610 82.930713 137.741063 -3.133513 137.741063 -3.133513 2319.614414 0.002164
611 82.929275 137.710069 -3.133513 137.710069 -3.133513 2319.614414 0.002164
612 82.927836 137.679070 -3.133513 137.679070 -3.133513 2319.614414 0.002164
613 82.926394 137.648064 -3.133513 137.648064 -3.133513 2319.614414 0.002164
614 82.924951 137.617052 -3.133513 137.617052 -3.133513 2319.614414 0.002164
615 82.923506 137.586034 -3.133513 137.586034 -3.133513 2319.614414 0.002164
616 82.922059 137.555010 -3.133513 137.555010 -3.133513 2319.614414 0.002164
617 82.920611 137.523980 -3.133513 137.523980 -3.133513 2319.614414 0.002164
618 82.919160 137.492945 -3.133513 137.492945 -3.133513 2319.614414 0.002164
619 82.917708 137.461903 -3.133513 137.461903 -3.133513 2319.614414 0.002164
620 82.916254 137.430856 -3.133513 137.430856 -3.133513 2319.614414 0.002164
621 82.914798 137.399804 -3.133513 137.399804 -3.133513 2319.614414 0.002164
622 82.913341 137.368746 -3.133513 137.368746 -3.133513 2319.614414 0.002164
623 82.911881 137.337682 -3.133514 137.337682 -3.133514 2319.614414 0.002164
624 82.910420 137.306613 -3.133514 137.306613 -3.133514 2319.614414 0.002164
625 82.908957 137.275538 -3.133514 137.275538 -3.133514 2319.614414 0.002164
626 82.907492 137.244458 -3.133514 137.244458 -3.133514 2319.614414 0.002164
627 82.906026 137.213373 -3.133514 137.213373 -3.133514 2319.614414 0.002164
628 82.904558 137.182283 -3.133514 137.182283 -3.133514 2319.614414 0.002164
629 82.903088 137.151187 -3.133514 137.151187 -3.133514 2319.614414 0.002164
630 82.901616 137.120086 -3.133514 137.120086 -3.133514 2319.614414 0.002164
631 82.900143 137.088981 -3.133514 137.088981 -3.133514 2319.614414 0.002164
632 82.898668 137.057870 -3.133514 137.057870 -3.133514 2319.614414 0.002164
633 82.897191 137.026754 -3.133514 137.026754 -3.133514 2319.614414 0.002164
634 82.895712 136.995634 -3.133514 136.995634 -3.133514 2319.614414 0.002164
635 82.894232 136.964508 -3.133514 136.964508 -3.133514 2319.614414 0.002164
636 82.892750 136.933378 -3.133514 136.933378 -3.133514 2319.614414 0.002164
637 82.891266 136.902243 -3.133514 136.902243 -3.133514 2319.614414 0.002164
638 82.889781 136.871104 -3.133514 136.871104 -3.133514 2319.614414 0.002164
639 82.888294 136.839960 -3.133514 136.839960 -3.133514 2319.614414 0.002164
640 82.886805 136.808811 -3.133514 136.808811 -3.133514 2319.614414 0.002164
641 82.885315 136.777658 -3.133514 136.777658 -3.133514 2319.614414 0.002164
642 82.883823 136.746500 -3.133514 136.746500 -3.133514 2319.614414 0.002164
643 82.882329 136.715338 -3.133514 136.715338 -3.133514 2319.614414 0.002164
644 82.880834 136.684172 -3.133514 136.684172 -3.133514 2319.614414 0.002164
645 82.879337 136.653001 -3.133514 136.653001 -3.133514 2319.614414 0.002164
646 82.877838 136.621826 -3.133514 136.621826 -3.133514 2319.614414 0.002164
647 82.876338 136.590647 -3.133514 136.590647 -3.133514 2319.614414 0.002164
648 82.874836 136.559464 -3.133514 136.559464 -3.133514 2319.614414 0.002164
649 82.873333 136.528276 -3.133514 136.528276 -3.133514 2319.614414 0.002164
650 82.871828 136.497085 -3.133514 136.497085 -3.133514 2319.614414 0.002164
651 82.870321 136.465890 -3.133514 136.465890 -3.133514 2319.614414 0.002164
652 82.868813 136.434690 -3.133514 136.434690 -3.133514 2319.614414 0.002164
653 82.867303 136.403487 -3.133514 136.403487 -3.133514 2319.614414 0.002164
654 82.865791 136.372280 -3.133514 136.372280 -3.133514 2319.614414 0.002164
655 82.864278 136.341070 -3.133514 136.341070 -3.133514 2319.614414 0.002164
656 82.862764 136.309855 -3.133514 136.309855 -3.133514 2319.614414 0.002164
657 82.861247 136.278637 -3.133514 136.278637 -3.133514 2319.614414 0.002164
658 82.859730 136.247415 -3.133514 136.247415 -3.133514 2319.614414 0.002164
659 82.858210 136.216190 -3.133514 136.216190 -3.133514 2319.614414 0.002164
660 82.856690 136.184961 -3.133514 136.184961 -3.133514 2319.614414 0.002164
661 82.855167 136.153729 -3.133514 136.153729 -3.133514 2319.614414 0.002164
662 82.853643 136.122493 -3.133514 136.122493 -3.133514 2319.614414 0.002164
663 82.852118 136.091254 -3.133514 136.091254 -3.133514 2319.614414 0.002164
664 82.850591 136.060011 -3.133514 136.060011 -3.133514 2319.614414 0.002164
665 82.849062 136.028765 -3.133514 136.028765 -3.133514 2319.614414 0.002164
666 82.847532 135.997516 -3.133514 135.997516 -3.133514 2319.614414 0.002164
667 82.846001 135.966264 -3.133514 135.966264 -3.133514 2319.614414 0.002164
668 82.844468 135.935009 -3.133514 135.935009 -3.133514 2319.614414 0.002164
669 82.842933 135.903750 -3.133514 135.903750 -3.133514 2319.614414 0.002164
670 82.841397 135.872489 -3.133514 135.872489 -3.133514 2319.614414 0.002164
671 82.839859 135.841224 -3.133514 135.841224 -3.133514 2319.614414 0.002164
672 82.838320 135.809957 -3.133514 135.809957 -3.133514 2319.614414 0.002164
673 82.836780 135.778686 -3.133514 135.778686 -3.133514 2319.614414 0.002164
674 82.835238 135.747413 -3.133514 135.747413 -3.133514 2319.614414 0.002164
675 82.833694 135.716137 -3.133514 135.716137 -3.133514 2319.614414 0.002164
676 82.832150 135.684858 -3.133514 135.684858 -3.133514 2319.614414 0.002164
677 82.830603 135.653577 -3.133514 135.653577 -3.133514 2319.614414 0.002164
678 82.829055 135.622292 -3.133514 135.622292 -3.133514 2319.614414 0.002164
679 82.827506 135.591005 -3.133514 135.591005 -3.133514 2319.614414 0.002164
680 82.825956 135.559716 -3.133514 135.559716 -3.133514 2319.614414 0.002164
681 82.824403 135.528424 -3.133514 135.528424 -3.133514 2319.614414 0.002164
682 82.822850 135.497129 -3.133514 135.497129 -3.133514 2319.614414 0.002164
683 82.821295 135.465832 -3.133514 135.465832 -3.133514 2319.614414 0.002164
684 82.819739 135.434533 -3.133514 135.434533 -3.133514 2319.614414 0.002164
685 82.818181 135.403231 -3.133514 135.403231 -3.133514 2319.614414 0.002164
686 82.816622 135.371927 -3.133514 135.371927 -3.133514 2319.614414 0.002164
687 82.815061 135.340620 -3.133514 135.340620 -3.133514 2319.614414 0.002164
688 82.813499 135.309311 -3.133514 135.309311 -3.133514 2319.614414 0.002164
689 82.811936 135.278000 -3.133514 135.278000 -3.133514 2319.614414 0.002164
690 82.810371 135.246687 -3.133514 135.246687 -3.133514 2319.614414 0.002164
691 82.808805 135.215372 -3.133514 135.215372 -3.133514 2319.614414 0.002164
692 82.807238 135.184055 -3.133514 135.184055 -3.133514 2319.614414 0.002164
693 82.805669 135.152735 -3.133514 135.152735 -3.133514 2319.614414 0.002164
694 82.804098 135.121414 -3.133514 135.121414 -3.133514 2319.614414 0.002164
695 82.802527 135.090091 -3.133514 135.090091 -3.133514 2319.614414 0.002164
696 82.800954 135.058766 -3.133514 135.058766 -3.133514 2319.614414 0.002164
697 82.799380 135.027438 -3.133514 135.027438 -3.133514 2319.614414 0.002164
698 82.797804 134.996109 -3.133514 134.996109 -3.133514 2319.614414 0.002164
699 82.796227 134.964779 -3.133514 134.964779 -3.133514 2319.614414 0.002164
700 82.794649 134.933446 -3.133514 134.933446 -3.133514 2319.614414 0.002164
701 82.793069 134.902112 -3.133514 134.902112 -3.133514 2319.614414 0.002164
702 82.791489 134.870776 -3.133514 134.870776 -3.133514 2319.614414 0.002164
703 82.789906 134.839439 -3.133515 134.839439 -3.133515 2319.614414 0.002164
704 82.788323 134.808100 -3.133515 134.808100 -3.133515 2319.614414 0.002164
705 82.786738 134.776759 -3.133515 134.776759 -3.133515 2319.614414 0.002164
706 82.785152 134.745417 -3.133515 134.745417 -3.133515 2319.614414 0.002164
707 82.783565 134.714073 -3.133515 134.714073 -3.133515 2319.614414 0.002164
708 82.781976 134.682728 -3.133515 134.682728 -3.133515 2319.614414 0.002164
709 82.780386 134.651381 -3.133515 134.651381 -3.133515 2319.614414 0.002164
710 82.778795 134.620033 -3.133515 134.620033 -3.133515 2319.614414 0.002164
711 82.777202 134.588684 -3.133515 134.588684 -3.133515 2319.614414 0.002164
712 82.775608 134.557334 -3.133515 134.557334 -3.133515 2319.614414 0.002164
713 82.774013 134.525982 -3.133515 134.525982 -3.133515 2319.614414 0.002164
714 82.772417 134.494629 -3.133515 134.494629 -3.133515 2319.614414 0.002164
715 82.770820 134.463275 -3.133515 134.463275 -3.133515 2319.614414 0.002164
716 82.769221 134.431920 -3.133515 134.431920 -3.133515 2319.614414 0.002164
717 82.767621 134.400563 -3.133515 134.400563 -3.133515 2319.614414 0.002164
718 82.766020 134.369206 -3.133515 134.369206 -3.133515 2319.614414 0.002164
719 82.764417 134.337847 -3.133515 134.337847 -3.133515 2319.614414 0.002164
720 82.762813 134.306488 -3.133515 134.306488 -3.133515 2319.614414 0.002164
721 82.761208 134.275128 -3.133515 134.275128 -3.133515 2319.614414 0.002164
722 82.759602 134.243766 -3.133515 134.243766 -3.133515 2319.614414 0.002164
723 82.757995 134.212404 -3.133515 134.212404 -3.133515 2319.614414 0.002164
724 82.756386 134.181041 -3.133515 134.181041 -3.133515 2319.614414 0.002164
725 82.754777 134.149677 -3.133515 134.149677 -3.133515 2319.614414 0.002164
726 82.753166 134.118313 -3.133515 134.118313 -3.133515 2319.614414 0.002164
727 82.751554 134.086947 -3.133515 134.086947 -3.133515 2319.614414 0.002164
728 82.749940 134.055581 -3.133515 134.055581 -3.133515 2319.614414 0.002164
729 82.748326 134.024214 -3.133515 134.024214 -3.133515 2319.614414 0.002164
730 82.746710 133.992847 -3.133515 133.992847 -3.133515 2319.614414 0.002164
731 82.745093 133.961479 -3.133515 133.961479 -3.133515 2319.614414 0.002164
732 82.743475 133.930110 -3.133515 133.930110 -3.133515 2319.614414 0.002164
733 82.741856 133.898741 -3.133515 133.898741 -3.133515 2319.614414 0.002164
734 82.740236 133.867372 -3.133515 133.867372 -3.133515 2319.614414 0.002164
735 82.738614 133.836002 -3.133515 133.836002 -3.133515 2319.614414 0.002164
736 82.736992 133.804631 -3.133515 133.804631 -3.133515 2319.614414 0.002164
737 82.735368 133.773260 -3.133515 133.773260 -3.133515 2319.614414 0.002164
738 82.733743 133.741889 -3.133515 133.741889 -3.133515 2319.614414 0.002164
739 82.732117 133.710517 -3.133515 133.710517 -3.133515 2319.614414 0.002164
740 82.730490 133.679146 -3.133515 133.679146 -3.133515 2319.614414 0.002164
741 82.728861 133.647773 -3.133515 133.647773 -3.133515 2319.614414 0.002164
742 82.727232 133.616401 -3.133515 133.616401 -3.133515 2319.614414 0.002164
743 82.725601 133.585029 -3.133515 133.585029 -3.133515 2319.614414 0.002164
744 82.723970 133.553656 -3.133515 133.553656 -3.133515 2319.614414 0.002164
745 82.722337 133.522283 -3.133515 133.522283 -3.133515 2319.614414 0.002164
746 82.720703 133.490910 -3.133515 133.490910 -3.133515 2319.614414 0.002164
747 82.719068 133.459537 -3.133515 133.459537 -3.133515 2319.614414 0.002164
748 82.717432 133.428164 -3.133515 133.428164 -3.133515 2319.614414 0.002164
749 82.715795 133.396791 -3.133515 133.396791 -3.133515 2319.614414 0.002164
750 82.714157 133.365418 -3.133515 133.365418 -3.133515 2319.614414 0.002164
751 82.712517 133.334045 -3.133515 133.334045 -3.133515 2319.614414 0.002164
752 82.710877 133.302672 -3.133515 133.302672 -3.133515 2319.614414 0.002164
753 82.709236 133.271299 -3.133515 133.271299 -3.133515 2319.614414 0.002164
754 82.707593 133.239926 -3.133515 133.239926 -3.133515 2319.614414 0.002164
755 82.705949 133.208554 -3.133515 133.208554 -3.133515 2319.614414 0.002164
756 82.704305 133.177182 -3.133515 133.177182 -3.133515 2319.614414 0.002164
757 82.702659 133.145810 -3.133515 133.145810 -3.133515 2319.614414 0.002164
758 82.701012 133.114438 -3.133515 133.114438 -3.133515 2319.614414 0.002164
759 82.699365 133.083067 -3.133515 133.083067 -3.133515 2319.614414 0.002164
760 82.697716 133.051696 -3.133515 133.051696 -3.133515 2319.614414 0.002164
761 82.696066 133.020325 -3.133515 133.020325 -3.133515 2319.614414 0.002164
762 82.694415 132.988955 -3.133515 132.988955 -3.133515 2319.614414 0.002164
763 82.692763 132.957585 -3.133515 132.957585 -3.133515 2319.614414 0.002164
764 82.691110 132.926215 -3.133515 132.926215 -3.133515 2319.614414 0.002164
765 82.689457 132.894846 -3.133515 132.894846 -3.133515 2319.614414 0.002164
766 82.687802 132.863478 -3.133515 132.863478 -3.133515 2319.614414 0.002164
767 82.686146 132.832110 -3.133515 132.832110 -3.133515 2319.614414 0.002164
768 82.684489 132.800742 -3.133515 132.800742 -3.133515 2319.614414 0.002164
769 82.682831 132.769376 -3.133515 132.769376 -3.133515 2319.614414 0.002164
770 82.681172 132.738010 -3.133515 132.738010 -3.133515 2319.614414 0.002164
771 82.679512 132.706644 -3.133515 132.706644 -3.133515 2319.614414 0.002164
772 82.677851 132.675279 -3.133515 132.675279 -3.133515 2319.614414 0.002164
773 82.676189 132.643915 -3.133515 132.643915 -3.133515 2319.614414 0.002164
774 82.674526 132.612552 -3.133515 132.612552 -3.133515 2319.614414 0.002164
775 82.672862 132.581189 -3.133515 132.581189 -3.133515 2319.614414 0.002164
776 82.671198 132.549828 -3.133516 132.549828 -3.133516 2319.614414 0.002164
777 82.669532 132.518467 -3.133516 132.518467 -3.133516 2319.614414 0.002164
778 82.667865 132.487106 -3.133516 132.487106 -3.133516 2319.614414 0.002164
779 82.666197 132.455747 -3.133516 132.455747 -3.133516 2319.614414 0.002164
780 82.664529 132.424389 -3.133516 132.424389 -3.133516 2319.614414 0.002164
781 82.662859 132.393032 -3.133516 132.393032 -3.133516 2319.614414 0.002164
782 82.661189 132.361675 -3.133516 132.361675 -3.133516 2319.614414 0.002164
783 82.659517 132.330320 -3.133516 132.330320 -3.133516 2319.614414 0.002164
784 82.657845 132.298965 -3.133516 132.298965 -3.133516 2319.614414 0.002164
785 82.656171 132.267612 -3.133516 132.267612 -3.133516 2319.614414 0.002164
786 82.654497 132.236260 -3.133516 132.236260 -3.133516 2319.614414 0.002164
787 82.652822 132.204908 -3.133516 132.204908 -3.133516 2319.614414 0.002164
788 82.651146 132.173558 -3.133516 132.173558 -3.133516 2319.614414 0.002164
789 82.649469 132.142209 -3.133516 132.142209 -3.133516 2319.614414 0.002164
790 82.647791 132.110862 -3.133516 132.110862 -3.133516 2319.614414 0.002164
791 82.646112 132.079515 -3.133516 132.079515 -3.133516 2319.614414 0.002164
792 82.644432 132.048170 -3.133516 132.048170 -3.133516 2319.614414 0.002164
793 82.642751 132.016826 -3.133516 132.016826 -3.133516 2319.614414 0.002164
794 82.641070 131.985483 -3.133516 131.985483 -3.133516 2319.614414 0.002164
795 82.639387 131.954141 -3.133516 131.954141 -3.133516 2319.614414 0.002164
796 82.637704 131.922801 -3.133516 131.922801 -3.133516 2319.614414 0.002164
797 82.636020 131.891462 -3.133516 131.891462 -3.133516 2319.614414 0.002164
798 82.634335 131.860125 -3.133516 131.860125 -3.133516 2319.614414 0.002164
799 82.632649 131.828789 -3.133516 131.828789 -3.133516 2319.614414 0.002164
800 82.630962 131.797454 -3.133516 131.797454 -3.133516 2319.614414 0.002164
801 82.629274 131.766121 -3.133516 131.766121 -3.133516 2319.614414 0.002164
802 82.627586 131.734789 -3.133516 131.734789 -3.133516 2319.614414 0.002164
803 82.625896 131.703459 -3.133516 131.703459 -3.133516 2319.614414 0.002164
804 82.624206 131.672130 -3.133516 131.672130 -3.133516 2319.614414 0.002164
805 82.622515 131.640803 -3.133516 131.640803 -3.133516 2319.614414 0.002164
806 82.620823 131.609478 -3.133516 131.609478 -3.133516 2319.614414 0.002164
807 82.619130 131.578154 -3.133516 131.578154 -3.133516 2319.614414 0.002164
808 82.617436 131.546831 -3.133516 131.546831 -3.133516 2319.614414 0.002164
809 82.615741 131.515511 -3.133516 131.515511 -3.133516 2319.614414 0.002164
810 82.614046 131.484192 -3.133516 131.484192 -3.133516 2319.614414 0.002164
811 82.612350 131.452874 -3.133516 131.452874 -3.133516 2319.614414 0.002164
812 82.610653 131.421559 -3.133516 131.421559 -3.133516 2319.614414 0.002164
813 82.608955 131.390245 -3.133516 131.390245 -3.133516 2319.614414 0.002164
814 82.607256 131.358933 -3.133516 131.358933 -3.133516 2319.614414 0.002164
815 82.605557 131.327623 -3.133516 131.327623 -3.133516 2319.614414 0.002164
816 82.603857 131.296314 -3.133516 131.296314 -3.133516 2319.614414 0.002164
817 82.602155 131.265007 -3.133516 131.265007 -3.133516 2319.614414 0.002164
818 82.600453 131.233703 -3.133516 131.233703 -3.133516 2319.614414 0.002164
819 82.598751 131.202400 -3.133516 131.202400 -3.133516 2319.614414 0.002164
820 82.597047 131.171099 -3.133516 131.171099 -3.133516 2319.614414 0.002164
821 82.595343 131.139800 -3.133516 131.139800 -3.133516 2319.614414 0.002164
822 82.593638 131.108502 -3.133516 131.108502 -3.133516 2319.614414 0.002164
823 82.591932 131.077207 -3.133516 131.077207 -3.133516 2319.614414 0.002164
824 82.590225 131.045914 -3.133516 131.045914 -3.133516 2319.614414 0.002164
825 82.588518 131.014623 -3.133516 131.014623 -3.133516 2319.614414 0.002164
826 82.586810 130.983334 -3.133516 130.983334 -3.133516 2319.614414 0.002164
827 82.585101 130.952047 -3.133516 130.952047 -3.133516 2319.614414 0.002164
828 82.583391 130.920762 -3.133516 130.920762 -3.133516 2319.614414 0.002164
829 82.581680 130.889479 -3.133516 130.889479 -3.133516 2319.614414 0.002164
830 82.579969 130.858198 -3.133516 130.858198 -3.133516 2319.614414 0.002164
831 82.578257 130.826919 -3.133516 130.826919 -3.133516 2319.614414 0.002164
832 82.576544 130.795643 -3.133516 130.795643 -3.133516 2319.614414 0.002164
833 82.574830 130.764369 -3.133516 130.764369 -3.133516 2319.614414 0.002164
834 82.573116 130.733097 -3.133516 130.733097 -3.133516 2319.614414 0.002164
835 82.571401 130.701827 -3.133516 130.701827 -3.133516 2319.614414 0.002164
836 82.569685 130.670559 -3.133516 130.670559 -3.133516 2319.614414 0.002164
837 82.567969 130.639294 -3.133516 130.639294 -3.133516 2319.614414 0.002164
838 82.566251 130.608031 -3.133516 130.608031 -3.133516 2319.614414 0.002164
839 82.564533 130.576770 -3.133516 130.576770 -3.133516 2319.614414 0.002164
840 82.562815 130.545512 -3.133516 130.545512 -3.133516 2319.614414 0.002164
841 82.561095 130.514256 -3.133516 130.514256 -3.133516 2319.614414 0.002164
842 82.559375 130.483002 -3.133516 130.483002 -3.133516 2319.614414 0.002164
843 82.557654 130.451751 -3.133516 130.451751 -3.133516 2319.614414 0.002164
844 82.555932 130.420502 -3.133516 130.420502 -3.133516 2319.614414 0.002164
845 82.554210 130.389256 -3.133517 130.389256 -3.133517 2319.614414 0.002164
846 82.552487 130.358012 -3.133517 130.358012 -3.133517 2319.614414 0.002164
847 82.550763 130.326770 -3.133517 130.326770 -3.133517 2319.614414 0.002164
848 82.549039 130.295531 -3.133517 130.295531 -3.133517 2319.614414 0.002164
849 82.547314 130.264295 -3.133517 130.264295 -3.133517 2319.614414 0.002164
850 82.545588 130.233061 -3.133517 130.233061 -3.133517 2319.614414 0.002164
851 82.543861 130.201830 -3.133517 130.201830 -3.133517 2319.614414 0.002164
852 82.542134 130.170601 -3.133517 130.170601 -3.133517 2319.614414 0.002164
853 82.540406 130.139375 -3.133517 130.139375 -3.133517 2319.614414 0.002164
854 82.538678 130.108151 -3.133517 130.108151 -3.133517 2319.614414 0.002164
855 82.536948 130.076930 -3.133517 130.076930 -3.133517 2319.614414 0.002164
856 82.535218 130.045712 -3.133517 130.045712 -3.133517 2319.614414 0.002164
857 82.533488 130.014496 -3.133517 130.014496 -3.133517 2319.614414 0.002164
858 82.531756 129.983284 -3.133517 129.983284 -3.133517 2319.614414 0.002164
859 82.530024 129.952073 -3.133517 129.952073 -3.133517 2319.614414 0.002164
860 82.528292 129.920866 -3.133517 129.920866 -3.133517 2319.614414 0.002164
861 82.526559 129.889661 -3.133517 129.889661 -3.133517 2319.614414 0.002164
862 82.524825 129.858459 -3.133517 129.858459 -3.133517 2319.614414 0.002164
863 82.523090 129.827260 -3.133517 129.827260 -3.133517 2319.614414 0.002164
864 82.521355 129.796064 -3.133517 129.796064 -3.133517 2319.614414 0.002164
865 82.519619 129.764870 -3.133517 129.764870 -3.133517 2319.614414 0.002164
866 82.517882 129.733679 -3.133517 129.733679 -3.133517 2319.614414 0.002164
867 82.516145 129.702492 -3.133517 129.702492 -3.133517 2319.614414 0.002164
868 82.514407 129.671307 -3.133517 129.671307 -3.133517 2319.614414 0.002164
869 82.512669 129.640125 -3.133517 129.640125 -3.133517 2319.614414 0.002164
870 82.510930 129.608945 -3.133517 129.608945 -3.133517 2319.614414 0.002164
871 82.509190 129.577769 -3.133517 129.577769 -3.133517 2319.614414 0.002164
872 82.507450 129.546596 -3.133517 129.546596 -3.133517 2319.614414 0.002164
873 82.505709 129.515426 -3.133517 129.515426 -3.133517 2319.614414 0.002164
874 82.503967 129.484258 -3.133517 129.484258 -3.133517 2319.614414 0.002164
875 82.502225 129.453094 -3.133517 129.453094 -3.133517 2319.614414 0.002164
876 82.500482 129.421933 -3.133517 129.421933 -3.133517 2319.614414 0.002164
877 82.498739 129.390774 -3.133517 129.390774 -3.133517 2319.614414 0.002164
878 82.496995 129.359619 -3.133517 129.359619 -3.133517 2319.614414 0.002164
879 82.495250 129.328467 -3.133517 129.328467 -3.133517 2319.614414 0.002164
880 82.493505 129.297318 -3.133517 129.297318 -3.133517 2319.614414 0.002164
881 82.491759 129.266172 -3.133517 129.266172 -3.133517 2319.614414 0.002164
882 82.490013 129.235029 -3.133517 129.235029 -3.133517 2319.614414 0.002164
883 82.488266 129.203890 -3.133517 129.203890 -3.133517 2319.614414 0.002164
884 82.486518 129.172753 -3.133517 129.172753 -3.133517 2319.614414 0.002164
885 82.484770 129.141620 -3.133517 129.141620 -3.133517 2319.614414 0.002164
886 82.483021 129.110489 -3.133517 129.110489 -3.133517 2319.614414 0.002164
887 82.481272 129.079363 -3.133517 129.079363 -3.133517 2319.614414 0.002164
888 82.479522 129.048239 -3.133517 129.048239 -3.133517 2319.614414 0.002164
889 82.477772 129.017118 -3.133517 129.017118 -3.133517 2319.614414 0.002164
890 82.476021 128.986001 -3.133517 128.986001 -3.133517 2319.614414 0.002164
891 82.474269 128.954887 -3.133517 128.954887 -3.133517 2319.614414 0.002164
892 82.472517 128.923776 -3.133517 128.923776 -3.133517 2319.614414 0.002164
893 82.470764 128.892669 -3.133517 128.892669 -3.133517 2319.614414 0.002164
894 82.469011 128.861565 -3.133517 128.861565 -3.133517 2319.614414 0.002164
895 82.467257 128.830464 -3.133517 128.830464 -3.133517 2319.614414 0.002164
896 82.465502 128.799367 -3.133517 128.799367 -3.133517 2319.614414 0.002164
897 82.463747 128.768273 -3.133517 128.768273 -3.133517 2319.614414 0.002164
898 82.461992 128.737182 -3.133517 128.737182 -3.133517 2319.614414 0.002164
899 82.460236 128.706095 -3.133517 128.706095 -3.133517 2319.614414 0.002164
900 82.458479 128.675011 -3.133517 128.675011 -3.133517 2319.614414 0.002164
901 82.456722 128.643931 -3.133517 128.643931 -3.133517 2319.614414 0.002164
902 82.454964 128.612854 -3.133517 128.612854 -3.133517 2319.614414 0.002164
903 82.453206 128.581781 -3.133517 128.581781 -3.133517 2319.614414 0.002164
904 82.451447 128.550711 -3.133517 128.550711 -3.133517 2319.614414 0.002164
905 82.449688 128.519644 -3.133517 128.519644 -3.133517 2319.614414 0.002164
906 82.447928 128.488581 -3.133517 128.488581 -3.133517 2319.614414 0.002164
907 82.446167 128.457522 -3.133517 128.457522 -3.133517 2319.614414 0.002164
908 82.444406 128.426466 -3.133517 128.426466 -3.133517 2319.614414 0.002164
909 82.442645 128.395414 -3.133517 128.395414 -3.133517 2319.614414 0.002164
910 82.440883 128.364365 -3.133517 128.364365 -3.133517 2319.614414 0.002164
911 82.439121 128.333320 -3.133517 128.333320 -3.133517 2319.614414 0.002164
912 82.437358 128.302278 -3.133518 128.302278 -3.133518 2319.614414 0.002164
913 82.435594 128.271240 -3.133518 128.271240 -3.133518 2319.614414 0.002164
914 82.433830 128.240206 -3.133518 128.240206 -3.133518 2319.614414 0.002164
915 82.432066 128.209175 -3.133518 128.209175 -3.133518 2319.614414 0.002164
916 82.430301 128.178148 -3.133518 128.178148 -3.133518 2319.614414 0.002164
917 82.428535 128.147125 -3.133518 128.147125 -3.133518 2319.614414 0.002164
918 82.426769 128.116105 -3.133518 128.116105 -3.133518 2319.614414 0.002164
919 82.425003 128.085089 -3.133518 128.085089 -3.133518 2319.614414 0.002164
920 82.423236 128.054077 -3.133518 128.054077 -3.133518 2319.614414 0.002164
921 82.421468 128.023068 -3.133518 128.023068 -3.133518 2319.614414 0.002164
922 82.419700 127.992064 -3.133518 127.992064 -3.133518 2319.614414 0.002164
923 82.417932 127.961063 -3.133518 127.961063 -3.133518 2319.614414 0.002164
924 82.416163 127.930065 -3.133518 127.930065 -3.133518 2319.614414 0.002164
925 82.414394 127.899072 -3.133518 127.899072 -3.133518 2319.614414 0.002164
926 82.412624 127.868082 -3.133518 127.868082 -3.133518 2319.614414 0.002164
927 82.410854 127.837096 -3.133518 127.837096 -3.133518 2319.614414 0.002164
928 82.409083 127.806114 -3.133518 127.806114 -3.133518 2319.614414 0.002164
929 82.407311 127.775136 -3.133518 127.775136 -3.133518 2319.614414 0.002164
930 82.405540 127.744162 -3.133518 127.744162 -3.133518 2319.614414 0.002164
931 82.403768 127.713192 -3.133518 127.713192 -3.133518 2319.614414 0.002164
932 82.401995 127.682225 -3.133518 127.682225 -3.133518 2319.614414 0.002164
933 82.400222 127.651262 -3.133518 127.651262 -3.133518 2319.614414 0.002164
934 82.398448 127.620304 -3.133518 127.620304 -3.133518 2319.614414 0.002164
935 82.396674 127.589349 -3.133518 127.589349 -3.133518 2319.614414 0.002164
936 82.394900 127.558398 -3.133518 127.558398 -3.133518 2319.614414 0.002164
937 82.393125 127.527451 -3.133518 127.527451 -3.133518 2319.614414 0.002164
938 82.391349 127.496508 -3.133518 127.496508 -3.133518 2319.614414 0.002164
939 82.389574 127.465569 -3.133518 127.465569 -3.133518 2319.614414 0.002164
940 82.387797 127.434634 -3.133518 127.434634 -3.133518 2319.614414 0.002164
941 82.386021 127.403703 -3.133518 127.403703 -3.133518 2319.614414 0.002164
942 82.384243 127.372776 -3.133518 127.372776 -3.133518 2319.614414 0.002164
943 82.382466 127.341853 -3.133518 127.341853 -3.133518 2319.614414 0.002164
944 82.380688 127.310934 -3.133518 127.310934 -3.133518 2319.614414 0.002164
945 82.378909 127.280019 -3.133518 127.280019 -3.133518 2319.614414 0.002164
946 82.377131 127.249109 -3.133518 127.249109 -3.133518 2319.614414 0.002164
947 82.375351 127.218202 -3.133518 127.218202 -3.133518 2319.614414 0.002164
948 82.373572 127.187299 -3.133518 127.187299 -3.133518 2319.614414 0.002164
949 82.371792 127.156401 -3.133518 127.156401 -3.133518 2319.614414 0.002164
950 82.370011 127.125506 -3.133518 127.125506 -3.133518 2319.614414 0.002164
951 82.368230 127.094616 -3.133518 127.094616 -3.133518 2319.614414 0.002164
952 82.366449 127.063730 -3.133518 127.063730 -3.133518 2319.614414 0.002164
953 82.364667 127.032848 -3.133518 127.032848 -3.133518 2319.614414 0.002164
954 82.362885 127.001970 -3.133518 127.001970 -3.133518 2319.614414 0.002164
955 82.361102 126.971097 -3.133518 126.971097 -3.133518 2319.614414 0.002164
956 82.359319 126.940227 -3.133518 126.940227 -3.133518 2319.614414 0.002164
957 82.357536 126.909362 -3.133518 126.909362 -3.133518 2319.614414 0.002164
958 82.355752 126.878501 -3.133518 126.878501 -3.133518 2319.614414 0.002164
959 82.353968 126.847644 -3.133518 126.847644 -3.133518 2319.614414 0.002164
960 82.352183 126.816792 -3.133518 126.816792 -3.133518 2319.614414 0.002164
961 82.350398 126.785943 -3.133518 126.785943 -3.133518 2319.614414 0.002164
962 82.348613 126.755099 -3.133518 126.755099 -3.133518 2319.614414 0.002164
963 82.346827 126.724260 -3.133518 126.724260 -3.133518 2319.614414 0.002164
964 82.345041 126.693424 -3.133518 126.693424 -3.133518 2319.614414 0.002164
965 82.343254 126.662593 -3.133518 126.662593 -3.133518 2319.614414 0.002164
966 82.341467 126.631766 -3.133518 126.631766 -3.133518 2319.614414 0.002164
967 82.339680 126.600944 -3.133518 126.600944 -3.133518 2319.614414 0.002164
968 82.337892 126.570125 -3.133518 126.570125 -3.133518 2319.614414 0.002164
969 82.336104 126.539312 -3.133518 126.539312 -3.133518 2319.614414 0.002164
970 82.334316 126.508502 -3.133518 126.508502 -3.133518 2319.614414 0.002164
971 82.332527 126.477697 -3.133518 126.477697 -3.133518 2319.614414 0.002164
972 82.330738 126.446896 -3.133518 126.446896 -3.133518 2319.614414 0.002164
973 82.328949 126.416100 -3.133518 126.416100 -3.133518 2319.614414 0.002164
974 82.327159 126.385308 -3.133518 126.385308 -3.133518 2319.614414 0.002164
975 82.325368 126.354520 -3.133518 126.354520 -3.133518 2319.614414 0.002164
976 82.323578 126.323737 -3.133519 126.323737 -3.133519 2319.614414 0.002164
977 82.321787 126.292959 -3.133519 126.292959 -3.133519 2319.614414 0.002164
978 82.319996 126.262184 -3.133519 126.262184 -3.133519 2319.614414 0.002164
979 82.318204 126.231415 -3.133519 126.231415 -3.133519 2319.614414 0.002164
980 82.316412 126.200649 -3.133519 126.200649 -3.133519 2319.614414 0.002164
981 82.314620 126.169889 -3.133519 126.169889 -3.133519 2319.614414 0.002164
982 82.312827 126.139132 -3.133519 126.139132 -3.133519 2319.614414 0.002164
983 82.311034 126.108380 -3.133519 126.108380 -3.133519 2319.614414 0.002164
984 82.309240 126.077633 -3.133519 126.077633 -3.133519 2319.614414 0.002164
985 82.307447 126.046890 -3.133519 126.046890 -3.133519 2319.614414 0.002164
986 82.305653 126.016152 -3.133519 126.016152 -3.133519 2319.614414 0.002164
987 82.303858 125.985418 -3.133519 125.985418 -3.133519 2319.614414 0.002164
988 82.302063 125.954689 -3.133519 125.954689 -3.133519 2319.614414 0.002164
989 82.300268 125.923965 -3.133519 125.923965 -3.133519 2319.614414 0.002164
990 82.298473 125.893245 -3.133519 125.893245 -3.133519 2319.614414 0.002164
991 82.296677 125.862529 -3.133519 125.862529 -3.133519 2319.614414 0.002164
992 82.294881 125.831818 -3.133519 125.831818 -3.133519 2319.614414 0.002164
993 82.293085 125.801112 -3.133519 125.801112 -3.133519 2319.614414 0.002164
994 82.291288 125.770410 -3.133519 125.770410 -3.133519 2319.614414 0.002164
995 82.289491 125.739714 -3.133519 125.739714 -3.133519 2319.614414 0.002164
996 82.287694 125.709021 -3.133519 125.709021 -3.133519 2319.614414 0.002164
997 82.285896 125.678333 -3.133519 125.678333 -3.133519 2319.614414 0.002164
998 82.284098 125.647650 -3.133519 125.647650 -3.133519 2319.614414 0.002164
999 82.282300 125.616972 -3.133519 125.616972 -3.133519 2319.614414 0.002164
1000 82.280501 125.586298 -3.133519 125.586298 -3.133519 2319.614414 0.002164
