10 17.519774 289.979505 -3.139454 289.979505 -3.139454 2310.849301 0.001082
11 17.519774 289.979170 -3.139454 289.979170 -3.139454 2310.849301 0.001082
12 17.519774 289.978803 -3.139454 289.978803 -3.139454 2310.849301 0.001082
13 17.519774 289.978405 -3.139454 289.978405 -3.139454 2310.849301 0.001082
14 17.519774 289.977974 -3.139454 289.977974 -3.139454 2310.849301 0.001082
15 17.519774 289.977512 -3.139454 289.977512 -3.139454 2310.849301 0.001082
16 17.519774 289.977018 -3.139454 289.977018 -3.139454 2310.849301 0.001082
17 17.519774 289.976492 -3.139454 289.976492 -3.139454 2310.849301 0.001082
18 17.519774 289.975934 -3.139454 289.975934 -3.139454 2310.849301 0.001082
19 17.519774 289.975344 -3.139454 289.975344 -3.139454 2310.849301 0.001082
20 17.519774 289.974723 -3.139454 289.974723 -3.139454 2310.849301 0.001082
21 17.519774 289.974069 -3.139454 289.974069 -3.139454 2310.849301 0.001082
22 17.519774 289.973384 -3.139454 289.973384 -3.139454 2310.849301 0.001082
23 17.519774 289.972667 -3.139454 289.972667 -3.139454 2310.849301 0.001082
24 17.519774 289.971918 -3.139454 289.971918 -3.139454 2310.849301 0.001082
25 17.519774 289.971137 -3.139454 289.971137 -3.139454 2310.849301 0.001082
26 17.519774 289.970324 -3.139454 289.970324 -3.139454 2310.849301 0.001082
27 17.519774 289.969480 -3.139454 289.969480 -3.139454 2310.849301 0.001082
28 17.519774 289.968604 -3.139454 289.968604 -3.139454 2310.849301 0.001082
29 17.519774 289.967695 -3.139454 289.967695 -3.139454 2310.849301 0.001082
30 17.519774 289.966756 -3.139454 289.966756 -3.139454 2310.849301 0.001082
31 17.519774 289.965784 -3.139454 289.965784 -3.139454 2310.849301 0.001082
32 17.519774 289.964781 -3.139454 289.964781 -3.139454 2310.849301 0.001082
33 17.519774 289.963745 -3.139454 289.963745 -3.139454 2310.849301 0.001082
34 17.519774 289.962678 -3.139454 289.962678 -3.139454 2310.849301 0.001082
35 17.519774 289.961579 -3.139454 289.961579 -3.139454 2310.849301 0.001082
36 17.519774 289.960449 -3.139454 289.960449 -3.139454 2310.849301 0.001082
37 17.519774 289.959286 -3.139454 289.959286 -3.139454 2310.849301 0.001082
38 17.519774 289.958092 -3.139454 289.958092 -3.139454 2310.849301 0.001082
39 17.519774 289.956866 -3.139454 289.956866 -3.139454 2310.849301 0.001082
40 17.519773 289.955608 -3.139454 289.955608 -3.139454 2310.849301 0.001082
41 17.519773 289.954319 -3.139454 289.954319 -3.139454 2310.849301 0.001082
42 17.519773 289.952997 -3.139454 289.952997 -3.139454 2310.849301 0.001082
43 17.519773 289.951644 -3.139454 289.951644 -3.139454 2310.849301 0.001082
44 17.519773 289.950259 -3.139454 289.950259 -3.139454 2310.849301 0.001082
45 17.519773 289.948843 -3.139454 289.948843 -3.139454 2310.849301 0.001082
46 17.519773 289.947394 -3.139454 289.947394 -3.139454 2310.849301 0.001082
47 17.519773 289.945914 -3.139454 289.945914 -3.139454 2310.849301 0.001082
48 17.519773 289.944402 -3.139454 289.944402 -3.139454 2310.849301 0.001082
49 17.519773 289.942858 -3.139454 289.942858 -3.139454 2310.849301 0.001082
50 17.519773 289.941283 -3.139454 289.941283 -3.139454 2310.849301 0.001082
51 17.519773 289.939675 -3.139454 289.939675 -3.139454 2310.849301 0.001082
52 17.519773 289.938036 -3.139454 289.938036 -3.139454 2310.849301 0.001082
53 17.519772 289.936366 -3.139454 289.936366 -3.139454 2310.849301 0.001082
54 17.519772 289.934663 -3.139454 289.934663 -3.139454 2310.849301 0.001082
55 17.519772 289.932929 -3.139454 289.932929 -3.139454 2310.849301 0.001082
56 17.519772 289.931163 -3.139454 289.931163 -3.139454 2310.849301 0.001082
57 17.519772 289.929365 -3.139454 289.929365 -3.139454 2310.849301 0.001082
58 17.519772 289.927536 -3.139454 289.927536 -3.139454 2310.849301 0.001082
59 17.519772 289.925675 -3.139454 289.925675 -3.139454 2310.849301 0.001082
60 17.519772 289.923782 -3.139454 289.923782 -3.139454 2310.849301 0.001082
61 17.519771 289.921858 -3.139454 289.921858 -3.139454 2310.849301 0.001082
62 17.519771 289.919902 -3.139454 289.919902 -3.139454 2310.849301 0.001082
63 17.519771 289.917914 -3.139454 289.917914 -3.139454 2310.849301 0.001082
64 17.519771 289.915895 -3.139454 289.915895 -3.139454 2310.849301 0.001082
65 17.519771 289.913844 -3.139454 289.913844 -3.139454 2310.849301 0.001082
66 17.519771 289.911761 -3.139454 289.911761 -3.139454 2310.849301 0.001082
67 17.519770 289.909647 -3.139454 289.909647 -3.139454 2310.849301 0.001082
68 17.519770 289.907502 -3.139454 289.907502 -3.139454 2310.849301 0.001082
69 17.519770 289.905324 -3.139454 289.905324 -3.139454 2310.849301 0.001082
70 17.519770 289.903115 -3.139454 289.903115 -3.139454 2310.849301 0.001082
71 17.519770 289.900875 -3.139454 289.900875 -3.139454 2310.849301 0.001082
72 17.519769 289.898603 -3.139454 289.898603 -3.139454 2310.849301 0.001082
73 17.519769 289.896300 -3.139454 289.896300 -3.139454 2310.849301 0.001082
74 17.519769 289.893965 -3.139454 289.893965 -3.139454 2310.849301 0.001082
75 17.519768 289.891599 -3.139454 289.891599 -3.139454 2310.849301 0.001082
76 17.519768 289.889201 -3.139454 289.889201 -3.139454 2310.849301 0.001082
77 17.519768 289.886772 -3.139454 289.886772 -3.139454 2310.849301 0.001082
78 17.519768 289.884311 -3.139454 289.884311 -3.139454 2310.849301 0.001082
79 17.519767 289.881819 -3.139454 289.881819 -3.139454 2310.849301 0.001082
80 17.519767 289.879295 -3.139454 289.879295 -3.139454 2310.849301 0.001082
81 17.519766 289.876740 -3.139454 289.876740 -3.139454 2310.849301 0.001082
82 17.519766 289.874154 -3.139454 289.874154 -3.139454 2310.849301 0.001082
83 17.519766 289.871536 -3.139454 289.871536 -3.139454 2310.849301 0.001082
84 17.519765 289.868887 -3.139454 289.868887 -3.139454 2310.849301 0.001082
85 17.519765 289.866207 -3.139454 289.866207 -3.139454 2310.849301 0.001082
86 17.519764 289.863495 -3.139454 289.863495 -3.139454 2310.849301 0.001082
87 17.519764 289.860752 -3.139454 289.860752 -3.139454 2310.849301 0.001082
88 17.519763 289.857978 -3.139454 289.857978 -3.139454 2310.849301 0.001082
89 17.519763 289.855172 -3.139454 289.855172 -3.139454 2310.849301 0.001082
90 17.519762 289.852336 -3.139454 289.852336 -3.139454 2310.849301 0.001082
91 17.519762 289.849467 -3.139454 289.849467 -3.139454 2310.849301 0.001082
92 17.519761 289.846568 -3.139454 289.846568 -3.139454 2310.849301 0.001082
93 17.519761 289.843638 -3.139454 289.843638 -3.139454 2310.849301 0.001082
94 17.519760 289.840676 -3.139454 289.840676 -3.139454 2310.849301 0.001082
95 17.519759 289.837683 -3.139454 289.837683 -3.139454 2310.849301 0.001082
96 17.519759 289.834659 -3.139454 289.834659 -3.139454 2310.849301 0.001082
97 17.519758 289.831604 -3.139454 289.831604 -3.139454 2310.849301 0.001082
98 17.519757 289.828517 -3.139454 289.828517 -3.139454 2310.849301 0.001082
99 17.519756 289.825400 -3.139454 289.825400 -3.139454 2310.849301 0.001082
100 17.519756 289.822251 -3.139454 289.822251 -3.139454 2310.849301 0.001082
101 17.519755 289.819072 -3.139454 289.819072 -3.139454 2310.849301 0.001082
102 17.519754 289.815861 -3.139454 289.815861 -3.139454 2310.849301 0.001082
103 17.519753 289.812619 -3.139454 289.812619 -3.139454 2310.849301 0.001082
104 17.519752 289.809346 -3.139454 289.809346 -3.139454 2310.849301 0.001082
105 17.519751 289.806042 -3.139454 289.806042 -3.139454 2310.849301 0.001082
106 17.519751 289.802707 -3.139454 289.802707 -3.139454 2310.849301 0.001082
107 17.519750 289.799341 -3.139454 289.799341 -3.139454 2310.849301 0.001082
108 17.519749 289.795944 -3.139454 289.795944 -3.139454 2310.849301 0.001082
109 17.519748 289.792517 -3.139454 289.792517 -3.139454 2310.849301 0.001082
110 17.519747 289.789058 -3.139454 289.789058 -3.139454 2310.849301 0.001082
111 17.519745 289.785568 -3.139454 289.785568 -3.139454 2310.849301 0.001082
112 17.519744 289.782047 -3.139454 289.782047 -3.139454 2310.849301 0.001082
113 17.519743 289.778496 -3.139454 289.778496 -3.139454 2310.849301 0.001082
114 17.519742 289.774914 -3.139454 289.774914 -3.139454 2310.849301 0.001082
115 17.519741 289.771300 -3.139454 289.771300 -3.139454 2310.849301 0.001082
116 17.519740 289.767656 -3.139454 289.767656 -3.139454 2310.849301 0.001082
117 17.519738 289.763981 -3.139454 289.763981 -3.139454 2310.849301 0.001082
118 17.519737 289.760276 -3.139454 289.760276 -3.139454 2310.849301 0.001082
119 17.519736 289.756540 -3.139454 289.756540 -3.139454 2310.849301 0.001082
120 17.519734 289.752772 -3.139454 289.752772 -3.139454 2310.849301 0.001082
121 17.519733 289.748975 -3.139454 289.748975 -3.139454 2310.849301 0.001082
122 17.519732 289.745146 -3.139454 289.745146 -3.139454 2310.849301 0.001082
123 17.519730 289.741287 -3.139454 289.741287 -3.139454 2310.849301 0.001082
124 17.519729 289.737397 -3.139454 289.737397 -3.139454 2310.849301 0.001082
125 17.519727 289.733477 -3.139454 289.733477 -3.139454 2310.849301 0.001082
126 17.519725 289.729526 -3.139454 289.729526 -3.139454 2310.849301 0.001082
127 17.519724 289.725545 -3.139454 289.725545 -3.139454 2310.849301 0.001082
128 17.519722 289.721533 -3.139454 289.721533 -3.139454 2310.849301 0.001082
129 17.519720 289.717491 -3.139454 289.717491 -3.139454 2310.849301 0.001082
130 17.519719 289.713418 -3.139454 289.713418 -3.139454 2310.849301 0.001082
131 17.519717 289.709315 -3.139454 289.709315 -3.139454 2310.849301 0.001082
132 17.519715 289.705181 -3.139454 289.705181 -3.139454 2310.849301 0.001082
133 17.519713 289.701017 -3.139454 289.701017 -3.139454 2310.849301 0.001082
134 17.519711 289.696823 -3.139454 289.696823 -3.139454 2310.849301 0.001082
135 17.519709 289.692598 -3.139454 289.692598 -3.139454 2310.849301 0.001082
136 17.519707 289.688343 -3.139454 289.688343 -3.139454 2310.849301 0.001082
137 17.519705 289.684058 -3.139454 289.684058 -3.139454 2310.849301 0.001082
138 17.519703 289.679743 -3.139454 289.679743 -3.139454 2310.849301 0.001082
139 17.519701 289.675398 -3.139454 289.675398 -3.139454 2310.849301 0.001082
140 17.519699 289.671022 -3.139454 289.671022 -3.139454 2310.849301 0.001082
141 17.519696 289.666617 -3.139454 289.666617 -3.139454 2310.849301 0.001082
142 17.519694 289.662182 -3.139454 289.662182 -3.139454 2310.849301 0.001082
143 17.519692 289.657716 -3.139454 289.657716 -3.139454 2310.849301 0.001082
144 17.519689 289.653221 -3.139454 289.653221 -3.139454 2310.849301 0.001082
145 17.519687 289.648696 -3.139454 289.648696 -3.139454 2310.849301 0.001082
146 17.519684 289.644141 -3.139454 289.644141 -3.139454 2310.849301 0.001082
147 17.519682 289.639556 -3.139454 289.639556 -3.139454 2310.849301 0.001082
148 17.519679 289.634941 -3.139454 289.634941 -3.139454 2310.849301 0.001082
149 17.519676 289.630297 -3.139454 289.630297 -3.139454 2310.849301 0.001082
150 17.519674 289.625623 -3.139454 289.625623 -3.139454 2310.849301 0.001082
151 17.519671 289.620919 -3.139454 289.620919 -3.139454 2310.849301 0.001082
152 17.519668 289.616186 -3.139454 289.616186 -3.139454 2310.849301 0.001082
153 17.519665 289.611424 -3.139454 289.611424 -3.139454 2310.849301 0.001082
154 17.519662 289.606632 -3.139454 289.606632 -3.139454 2310.849301 0.001082
155 17.519659 289.601810 -3.139454 289.601810 -3.139454 2310.849301 0.001082
156 17.519656 289.596960 -3.139454 289.596960 -3.139454 2310.849301 0.001082
157 17.519653 289.592080 -3.139454 289.592080 -3.139454 2310.849301 0.001082
158 17.519650 289.587170 -3.139454 289.587170 -3.139454 2310.849301 0.001082
159 17.519646 289.582232 -3.139454 289.582232 -3.139454 2310.849301 0.001082
160 17.519643 289.577264 -3.139454 289.577264 -3.139454 2310.849301 0.001082
161 17.519639 289.572268 -3.139454 289.572268 -3.139454 2310.849301 0.001082
162 17.519636 289.567242 -3.139454 289.567242 -3.139454 2310.849301 0.001082
163 17.519632 289.562188 -3.139454 289.562188 -3.139454 2310.849301 0.001082
164 17.519629 289.557104 -3.139454 289.557104 -3.139454 2310.849301 0.001082
165 17.519625 289.551992 -3.139454 289.551992 -3.139454 2310.849301 0.001082
166 17.519621 289.546851 -3.139454 289.546851 -3.139454 2310.849301 0.001082
167 17.519617 289.541681 -3.139454 289.541681 -3.139454 2310.849301 0.001082
168 17.519613 289.536483 -3.139454 289.536483 -3.139454 2310.849301 0.001082
169 17.519609 289.531256 -3.139454 289.531256 -3.139454 2310.849301 0.001082
170 17.519605 289.526001 -3.139454 289.526001 -3.139454 2310.849301 0.001082
171 17.519601 289.520717 -3.139454 289.520717 -3.139454 2310.849301 0.001082
172 17.519597 289.515405 -3.139454 289.515405 -3.139454 2310.849301 0.001082
173 17.519593 289.510064 -3.139454 289.510064 -3.139454 2310.849301 0.001082
174 17.519588 289.504696 -3.139454 289.504696 -3.139454 2310.849301 0.001082
175 17.519584 289.499299 -3.139454 289.499299 -3.139454 2310.849301 0.001082
176 17.519579 289.493874 -3.139454 289.493874 -3.139454 2310.849301 0.001082
177 17.519575 289.488421 -3.139454 289.488421 -3.139454 2310.849301 0.001082
178 17.519570 289.482940 -3.139454 289.482940 -3.139454 2310.849301 0.001082
179 17.519565 289.477431 -3.139454 289.477431 -3.139454 2310.849301 0.001082
180 17.519560 289.471895 -3.139454 289.471895 -3.139454 2310.849301 0.001082
181 17.519555 289.466330 -3.139454 289.466330 -3.139454 2310.849301 0.001082
182 17.519550 289.460738 -3.139454 289.460738 -3.139454 2310.849301 0.001082
183 17.519545 289.455119 -3.139454 289.455119 -3.139454 2310.849301 0.001082
184 17.519540 289.449472 -3.139454 289.449472 -3.139454 2310.849301 0.001082
185 17.519535 289.443797 -3.139454 289.443797 -3.139454 2310.849301 0.001082
186 17.519529 289.438095 -3.139454 289.438095 -3.139454 2310.849301 0.001082
187 17.519524 289.432366 -3.139454 289.432366 -3.139454 2310.849301 0.001082
188 17.519518 289.426610 -3.139454 289.426610 -3.139454 2310.849301 0.001082
189 17.519513 289.420826 -3.139454 289.420826 -3.139454 2310.849301 0.001082
190 17.519507 289.415016 -3.139454 289.415016 -3.139454 2310.849301 0.001082
191 17.519501 289.409178 -3.139454 289.409178 -3.139454 2310.849301 0.001082
192 17.519495 289.403314 -3.139454 289.403314 -3.139454 2310.849301 0.001082
193 17.519489 289.397423 -3.139454 289.397423 -3.139454 2310.849301 0.001082
194 17.519483 289.391505 -3.139454 289.391505 -3.139454 2310.849301 0.001082
195 17.519477 289.385561 -3.139454 289.385561 -3.139454 2310.849301 0.001082
196 17.519470 289.379590 -3.139454 289.379590 -3.139454 2310.849301 0.001082
197 17.519464 289.373592 -3.139454 289.373592 -3.139454 2310.849301 0.001082
198 17.519457 289.367568 -3.139454 289.367568 -3.139454 2310.849301 0.001082
199 17.519451 289.361518 -3.139454 289.361518 -3.139454 2310.849301 0.001082
200 17.519444 289.355442 -3.139454 289.355442 -3.139454 2310.849301 0.001082
201 17.519437 289.349339 -3.139454 289.349339 -3.139454 2310.849301 0.001082
202 17.519430 289.343211 -3.139454 289.343211 -3.139454 2310.849301 0.001082
203 17.519423 289.337056 -3.139454 289.337056 -3.139454 2310.849301 0.001082
204 17.519416 289.330876 -3.139454 289.330876 -3.139454 2310.849301 0.001082
205 17.519409 289.324670 -3.139454 289.324670 -3.139454 2310.849301 0.001082
206 17.519402 289.318438 -3.139454 289.318438 -3.139454 2310.849301 0.001082
207 17.519394 289.312181 -3.139454 289.312181 -3.139454 2310.849301 0.001082
208 17.519387 289.305898 -3.139454 289.305898 -3.139454 2310.849301 0.001082
209 17.519379 289.299589 -3.139454 289.299589 -3.139454 2310.849301 0.001082
210 17.519371 289.293256 -3.139454 289.293256 -3.139454 2310.849301 0.001082
211 17.519363 289.286897 -3.139454 289.286897 -3.139454 2310.849301 0.001082
212 17.519355 289.280513 -3.139454 289.280513 -3.139454 2310.849301 0.001082
213 17.519347 289.274104 -3.139454 289.274104 -3.139454 2310.849301 0.001082
214 17.519339 289.267669 -3.139454 289.267669 -3.139454 2310.849301 0.001082
215 17.519331 289.261210 -3.139454 289.261210 -3.139454 2310.849301 0.001082
216 17.519322 289.254727 -3.139454 289.254727 -3.139454 2310.849301 0.001082
217 17.519314 289.248218 -3.139454 289.248218 -3.139454 2310.849301 0.001082
218 17.519305 289.241685 -3.139454 289.241685 -3.139454 2310.849301 0.001082
219 17.519296 289.235127 -3.139454 289.235127 -3.139454 2310.849301 0.001082
220 17.519287 289.228545 -3.139454 289.228545 -3.139454 2310.849301 0.001082
221 17.519278 289.221939 -3.139454 289.221939 -3.139454 2310.849301 0.001082
222 17.519269 289.215308 -3.139454 289.215308 -3.139454 2310.849301 0.001082
223 17.519260 289.208654 -3.139454 289.208654 -3.139454 2310.849301 0.001082
224 17.519251 289.201975 -3.139454 289.201975 -3.139454 2310.849301 0.001082
225 17.519241 289.195272 -3.139454 289.195272 -3.139454 2310.849301 0.001082
226 17.519232 289.188546 -3.139454 289.188546 -3.139454 2310.849301 0.001082
227 17.519222 289.181795 -3.139454 289.181795 -3.139454 2310.849301 0.001082
228 17.519212 289.175021 -3.139454 289.175021 -3.139454 2310.849301 0.001082
229 17.519202 289.168224 -3.139454 289.168224 -3.139454 2310.849301 0.001082
230 17.519192 289.161403 -3.139454 289.161403 -3.139454 2310.849301 0.001082
231 17.519182 289.154558 -3.139454 289.154558 -3.139454 2310.849301 0.001082
232 17.519172 289.147690 -3.139454 289.147690 -3.139454 2310.849301 0.001082
233 17.519162 289.140799 -3.139454 289.140799 -3.139454 2310.849301 0.001082
234 17.519151 289.133885 -3.139454 289.133885 -3.139454 2310.849301 0.001082
235 17.519140 289.126948 -3.139454 289.126948 -3.139454 2310.849301 0.001082
236 17.519130 289.119988 -3.139454 289.119988 -3.139454 2310.849301 0.001082
237 17.519119 289.113006 -3.139454 289.113006 -3.139454 2310.849301 0.001082
238 17.519108 289.106000 -3.139454 289.106000 -3.139454 2310.849301 0.001082
239 17.519097 289.098972 -3.139454 289.098972 -3.139454 2310.849301 0.001082
240 17.519085 289.091922 -3.139454 289.091922 -3.139454 2310.849301 0.001082
241 17.519074 289.084849 -3.139454 289.084849 -3.139454 2310.849301 0.001082
242 17.519062 289.077753 -3.139454 289.077753 -3.139454 2310.849301 0.001082
243 17.519051 289.070636 -3.139454 289.070636 -3.139454 2310.849301 0.001082
244 17.519039 289.063496 -3.139454 289.063496 -3.139454 2310.849301 0.001082
245 17.519027 289.056334 -3.139454 289.056334 -3.139454 2310.849301 0.001082
246 17.519015 289.049151 -3.139454 289.049151 -3.139454 2310.849301 0.001082
247 17.519003 289.041945 -3.139454 289.041945 -3.139454 2310.849301 0.001082
248 17.518991 289.034718 -3.139454 289.034718 -3.139454 2310.849301 0.001082
249 17.518978 289.027469 -3.139454 289.027469 -3.139454 2310.849301 0.001082
250 17.518966 289.020199 -3.139454 289.020199 -3.139454 2310.849301 0.001082
251 17.518953 289.012907 -3.139454 289.012907 -3.139454 2310.849301 0.001082
252 17.518940 289.005593 -3.139454 289.005593 -3.139454 2310.849301 0.001082
253 17.518927 288.998259 -3.139454 288.998259 -3.139454 2310.849301 0.001082
254 17.518914 288.990903 -3.139454 288.990903 -3.139454 2310.849301 0.001082
255 17.518901 288.983526 -3.139454 288.983526 -3.139454 2310.849301 0.001082
256 17.518888 288.976129 -3.139454 288.976129 -3.139454 2310.849301 0.001082
257 17.518874 288.968710 -3.139454 288.968710 -3.139454 2310.849301 0.001082
258 17.518861 288.961271 -3.139454 288.961271 -3.139454 2310.849301 0.001082
259 17.518847 288.953811 -3.139454 288.953811 -3.139454 2310.849301 0.001082
260 17.518833 288.946330 -3.139454 288.946330 -3.139454 2310.849301 0.001082
261 17.518819 288.938829 -3.139454 288.938829 -3.139454 2310.849301 0.001082
262 17.518805 288.931308 -3.139454 288.931308 -3.139454 2310.849301 0.001082
263 17.518791 288.923766 -3.139454 288.923766 -3.139454 2310.849301 0.001082
264 17.518777 288.916204 -3.139454 288.916204 -3.139454 2310.849301 0.001082
265 17.518762 288.908622 -3.139454 288.908622 -3.139454 2310.849301 0.001082
266 17.518747 288.901020 -3.139454 288.901020 -3.139454 2310.849301 0.001082
267 17.518733 288.893398 -3.139454 288.893398 -3.139454 2310.849301 0.001082
268 17.518718 288.885756 -3.139454 288.885756 -3.139454 2310.849301 0.001082
269 17.518703 288.878095 -3.139454 288.878095 -3.139454 2310.849301 0.001082
270 17.518687 288.870413 -3.139454 288.870413 -3.139454 2310.849301 0.001082
271 17.518672 288.862713 -3.139454 288.862713 -3.139454 2310.849301 0.001082
272 17.518657 288.854993 -3.139454 288.854993 -3.139454 2310.849301 0.001082
273 17.518641 288.847253 -3.139454 288.847253 -3.139454 2310.849301 0.001082
274 17.518625 288.839495 -3.139454 288.839495 -3.139454 2310.849301 0.001082
275 17.518610 288.831717 -3.139454 288.831717 -3.139454 2310.849301 0.001082
276 17.518594 288.823920 -3.139454 288.823920 -3.139454 2310.849301 0.001082
277 17.518577 288.816104 -3.139454 288.816104 -3.139454 2310.849301 0.001082
278 17.518561 288.808270 -3.139454 288.808270 -3.139454 2310.849301 0.001082
279 17.518545 288.800416 -3.139454 288.800416 -3.139454 2310.849301 0.001082
280 17.518528 288.792544 -3.139454 288.792544 -3.139454 2310.849301 0.001082
281 17.518511 288.784654 -3.139454 288.784654 -3.139454 2310.849301 0.001082
282 17.518495 288.776744 -3.139454 288.776744 -3.139454 2310.849301 0.001082
283 17.518478 288.768817 -3.139454 288.768817 -3.139454 2310.849301 0.001082
284 17.518461 288.760871 -3.139454 288.760871 -3.139454 2310.849301 0.001082
285 17.518443 288.752907 -3.139454 288.752907 -3.139454 2310.849301 0.001082
286 17.518426 288.744925 -3.139454 288.744925 -3.139454 2310.849301 0.001082
287 17.518408 288.736925 -3.139454 288.736925 -3.139454 2310.849301 0.001082
288 17.518391 288.728907 -3.139454 288.728907 -3.139454 2310.849301 0.001082
289 17.518373 288.720871 -3.139454 288.720871 -3.139454 2310.849301 0.001082
290 17.518355 288.712817 -3.139454 288.712817 -3.139454 2310.849301 0.001082
291 17.518337 288.704746 -3.139454 288.704746 -3.139454 2310.849301 0.001082
292 17.518319 288.696657 -3.139454 288.696657 -3.139454 2310.849301 0.001082
293 17.518300 288.688550 -3.139454 288.688550 -3.139454 2310.849301 0.001082
294 17.518282 288.680427 -3.139454 288.680427 -3.139454 2310.849301 0.001082
295 17.518263 288.672286 -3.139454 288.672286 -3.139454 2310.849301 0.001082
296 17.518244 288.664127 -3.139454 288.664127 -3.139454 2310.849301 0.001082
297 17.518226 288.655952 -3.139454 288.655952 -3.139454 2310.849301 0.001082
298 17.518206 288.647760 -3.139454 288.647760 -3.139454 2310.849301 0.001082
299 17.518187 288.639550 -3.139454 288.639550 -3.139454 2310.849301 0.001082
300 17.518168 288.631323 -3.139454 288.631323 -3.139454 2310.849301 0.001082
301 17.518149 288.623080 -3.139454 288.623080 -3.139454 2310.849301 0.001082
302 17.518129 288.614820 -3.139454 288.614820 -3.139454 2310.849301 0.001082
303 17.518109 288.606544 -3.139454 288.606544 -3.139454 2310.849301 0.001082
304 17.518089 288.598251 -3.139454 288.598251 -3.139454 2310.849301 0.001082
305 17.518069 288.589941 -3.139454 288.589941 -3.139454 2310.849301 0.001082
306 17.518049 288.581616 -3.139454 288.581616 -3.139454 2310.849301 0.001082
307 17.518029 288.573274 -3.139454 288.573274 -3.139454 2310.849301 0.001082
308 17.518008 288.564916 -3.139454 288.564916 -3.139454 2310.849301 0.001082
309 17.517988 288.556542 -3.139454 288.556542 -3.139454 2310.849301 0.001082
310 17.517967 288.548151 -3.139454 288.548151 -3.139454 2310.849301 0.001082
311 17.517946 288.539746 -3.139454 288.539746 -3.139454 2310.849301 0.001082
312 17.517925 288.531324 -3.139454 288.531324 -3.139454 2310.849301 0.001082
313 17.517904 288.522886 -3.139454 288.522886 -3.139454 2310.849301 0.001082
314 17.517883 288.514433 -3.139454 288.514433 -3.139454 2310.849301 0.001082
315 17.517861 288.505965 -3.139454 288.505965 -3.139454 2310.849301 0.001082
316 17.517840 288.497481 -3.139454 288.497481 -3.139454 2310.849301 0.001082
317 17.517818 288.488981 -3.139454 288.488981 -3.139454 2310.849301 0.001082
318 17.517796 288.480467 -3.139454 288.480467 -3.139454 2310.849301 0.001082
319 17.517774 288.471937 -3.139454 288.471937 -3.139454 2310.849301 0.001082
320 17.517752 288.463392 -3.139454 288.463392 -3.139454 2310.849301 0.001082
321 17.517730 288.454832 -3.139454 288.454832 -3.139454 2310.849301 0.001082
322 17.517707 288.446257 -3.139454 288.446257 -3.139454 2310.849301 0.001082
323 17.517685 288.437667 -3.139454 288.437667 -3.139454 2310.849301 0.001082
324 17.517662 288.429062 -3.139454 288.429062 -3.139454 2310.849301 0.001082
325 17.517639 288.420443 -3.139454 288.420443 -3.139454 2310.849301 0.001082
326 17.517616 288.411809 -3.139454 288.411809 -3.139454 2310.849301 0.001082
327 17.517593 288.403161 -3.139454 288.403161 -3.139454 2310.849301 0.001082
328 17.517570 288.394498 -3.139454 288.394498 -3.139454 2310.849301 0.001082
329 17.517546 288.385820 -3.139454 288.385820 -3.139454 2310.849301 0.001082
330 17.517523 288.377129 -3.139454 288.377129 -3.139454 2310.849301 0.001082
331 17.517499 288.368423 -3.139454 288.368423 -3.139454 2310.849301 0.001082
332 17.517475 288.359703 -3.139454 288.359703 -3.139454 2310.849301 0.001082
333 17.517451 288.350969 -3.139454 288.350969 -3.139454 2310.849301 0.001082
334 17.517427 288.342221 -3.139454 288.342221 -3.139454 2310.849301 0.001082
335 17.517403 288.333459 -3.139454 288.333459 -3.139454 2310.849301 0.001082
336 17.517378 288.324683 -3.139454 288.324683 -3.139454 2310.849301 0.001082
337 17.517354 288.315894 -3.139454 288.315894 -3.139454 2310.849301 0.001082
338 17.517329 288.307091 -3.139454 288.307091 -3.139454 2310.849301 0.001082
339 17.517304 288.298274 -3.139454 288.298274 -3.139454 2310.849301 0.001082
340 17.517279 288.289444 -3.139454 288.289444 -3.139454 2310.849301 0.001082
341 17.517254 288.280600 -3.139454 288.280600 -3.139454 2310.849301 0.001082
342 17.517229 288.271743 -3.139454 288.271743 -3.139454 2310.849301 0.001082
343 17.517203 288.262873 -3.139454 288.262873 -3.139454 2310.849301 0.001082
344 17.517178 288.253989 -3.139454 288.253989 -3.139454 2310.849301 0.001082
345 17.517152 288.245093 -3.139454 288.245093 -3.139454 2310.849301 0.001082
346 17.517126 288.236183 -3.139454 288.236183 -3.139454 2310.849301 0.001082
347 17.517100 288.227260 -3.139454 288.227260 -3.139454 2310.849301 0.001082
348 17.517074 288.218325 -3.139454 288.218325 -3.139454 2310.849301 0.001082
349 17.517048 288.209376 -3.139454 288.209376 -3.139454 2310.849301 0.001082
350 17.517021 288.200415 -3.139454 288.200415 -3.139454 2310.849301 0.001082
351 17.516995 288.191441 -3.139454 288.191441 -3.139454 2310.849301 0.001082
352 17.516968 288.182454 -3.139454 288.182454 -3.139454 2310.849301 0.001082
353 17.516941 288.173455 -3.139454 288.173455 -3.139454 2310.849301 0.001082
354 17.516914 288.164444 -3.139454 288.164444 -3.139454 2310.849301 0.001082
355 17.516887 288.155420 -3.139454 288.155420 -3.139454 2310.849301 0.001082
356 17.516860 288.146384 -3.139454 288.146384 -3.139454 2310.849301 0.001082
357 17.516833 288.137335 -3.139454 288.137335 -3.139454 2310.849301 0.001082
358 17.516805 288.128274 -3.139454 288.128274 -3.139454 2310.849301 0.001082
359 17.516778 288.119202 -3.139454 288.119202 -3.139454 2310.849301 0.001082
360 17.516750 288.110117 -3.139454 288.110117 -3.139454 2310.849301 0.001082
361 17.516722 288.101020 -3.139454 288.101020 -3.139454 2310.849301 0.001082
362 17.516694 288.091911 -3.139454 288.091911 -3.139454 2310.849301 0.001082
363 17.516666 288.082791 -3.139454 288.082791 -3.139454 2310.849301 0.001082
364 17.516637 288.073658 -3.139454 288.073658 -3.139454 2310.849301 0.001082
365 17.516609 288.064514 -3.139454 288.064514 -3.139454 2310.849301 0.001082
366 17.516580 288.055359 -3.139454 288.055359 -3.139454 2310.849301 0.001082
367 17.516551 288.046191 -3.139454 288.046191 -3.139454 2310.849301 0.001082
368 17.516522 288.037013 -3.139454 288.037013 -3.139454 2310.849301 0.001082
369 17.516493 288.027822 -3.139454 288.027822 -3.139454 2310.849301 0.001082
370 17.516464 288.018621 -3.139454 288.018621 -3.139454 2310.849301 0.001082
371 17.516435 288.009408 -3.139454 288.009408 -3.139454 2310.849301 0.001082
372 17.516405 288.000184 -3.139454 288.000184 -3.139454 2310.849301 0.001082
373 17.516376 287.990949 -3.139454 287.990949 -3.139454 2310.849301 0.001082
374 17.516346 287.981702 -3.139454 287.981702 -3.139454 2310.849301 0.001082
375 17.516316 287.972445 -3.139454 287.972445 -3.139454 2310.849301 0.001082
376 17.516286 287.963177 -3.139454 287.963177 -3.139454 2310.849301 0.001082
377 17.516256 287.953897 -3.139454 287.953897 -3.139454 2310.849301 0.001082
378 17.516226 287.944607 -3.139454 287.944607 -3.139454 2310.849301 0.001082
379 17.516195 287.935306 -3.139454 287.935306 -3.139454 2310.849301 0.001082
380 17.516165 287.925995 -3.139454 287.925995 -3.139454 2310.849301 0.001082
381 17.516134 287.916672 -3.139454 287.916672 -3.139454 2310.849301 0.001082
382 17.516103 287.907340 -3.139454 287.907340 -3.139454 2310.849301 0.001082
383 17.516072 287.897996 -3.139454 287.897996 -3.139454 2310.849301 0.001082
384 17.516041 287.888642 -3.139454 287.888642 -3.139454 2310.849301 0.001082
385 17.516010 287.879278 -3.139454 287.879278 -3.139454 2310.849301 0.001082
386 17.515979 287.869904 -3.139454 287.869904 -3.139454 2310.849301 0.001082
387 17.515947 287.860519 -3.139454 287.860519 -3.139454 2310.849301 0.001082
388 17.515915 287.851124 -3.139454 287.851124 -3.139454 2310.849301 0.001082
389 17.515884 287.841718 -3.139454 287.841718 -3.139454 2310.849301 0.001082
390 17.515852 287.832303 -3.139454 287.832303 -3.139454 2310.849301 0.001082
391 17.515820 287.822878 -3.139454 287.822878 -3.139454 2310.849301 0.001082
392 17.515787 287.813442 -3.139454 287.813442 -3.139454 2310.849301 0.001082
393 17.515755 287.803997 -3.139454 287.803997 -3.139454 2310.849301 0.001082
394 17.515723 287.794542 -3.139454 287.794542 -3.139454 2310.849301 0.001082
395 17.515690 287.785077 -3.139454 287.785077 -3.139454 2310.849301 0.001082
396 17.515657 287.775602 -3.139454 287.775602 -3.139454 2310.849301 0.001082
397 17.515625 287.766118 -3.139454 287.766118 -3.139454 2310.849301 0.001082
398 17.515592 287.756624 -3.139454 287.756624 -3.139454 2310.849301 0.001082
399 17.515558 287.747120 -3.139454 287.747120 -3.139454 2310.849301 0.001082
400 17.515525 287.737607 -3.139454 287.737607 -3.139454 2310.849301 0.001082
401 17.515492 287.728085 -3.139454 287.728085 -3.139454 2310.849301 0.001082
402 17.515458 287.718553 -3.139454 287.718553 -3.139454 2310.849301 0.001082
403 17.515425 287.709011 -3.139454 287.709011 -3.139454 2310.849301 0.001082
404 17.515391 287.699461 -3.139454 287.699461 -3.139454 2310.849301 0.001082
405 17.515357 287.689901 -3.139454 287.689901 -3.139454 2310.849301 0.001082
406 17.515323 287.680332 -3.139454 287.680332 -3.139454 2310.849301 0.001082
407 17.515289 287.670754 -3.139454 287.670754 -3.139454 2310.849301 0.001082
408 17.515254 287.661166 -3.139454 287.661166 -3.139454 2310.849301 0.001082
409 17.515220 287.651570 -3.139454 287.651570 -3.139454 2310.849301 0.001082
410 17.515185 287.641965 -3.139454 287.641965 -3.139454 2310.849301 0.001082
411 17.515150 287.632351 -3.139454 287.632351 -3.139454 2310.849301 0.001082
412 17.515116 287.622728 -3.139454 287.622728 -3.139454 2310.849301 0.001082
413 17.515081 287.613096 -3.139454 287.613096 -3.139454 2310.849301 0.001082
414 17.515046 287.603455 -3.139454 287.603455 -3.139454 2310.849301 0.001082
415 17.515010 287.593806 -3.139454 287.593806 -3.139454 2310.849301 0.001082
416 17.514975 287.584148 -3.139454 287.584148 -3.139454 2310.849301 0.001082
417 17.514939 287.574482 -3.139454 287.574482 -3.139454 2310.849301 0.001082
418 17.514904 287.564807 -3.139454 287.564807 -3.139454 2310.849301 0.001082
419 17.514868 287.555123 -3.139454 287.555123 -3.139454 2310.849301 0.001082
420 17.514832 287.545431 -3.139454 287.545431 -3.139454 2310.849301 0.001082
421 17.514796 287.535731 -3.139454 287.535731 -3.139454 2310.849301 0.001082
422 17.514760 287.526022 -3.139454 287.526022 -3.139454 2310.849301 0.001082
423 17.514724 287.516305 -3.139455 287.516305 -3.139455 2310.849301 0.001082
424 17.514687 287.506580 -3.139455 287.506580 -3.139455 2310.849301 0.001082
425 17.514651 287.496846 -3.139455 287.496846 -3.139455 2310.849301 0.001082
426 17.514614 287.487105 -3.139455 287.487105 -3.139455 2310.849301 0.001082
427 17.514577 287.477355 -3.139455 287.477355 -3.139455 2310.849301 0.001082
428 17.514540 287.467598 -3.139455 287.467598 -3.139455 2310.849301 0.001082
429 17.514503 287.457832 -3.139455 287.457832 -3.139455 2310.849301 0.001082
430 17.514466 287.448058 -3.139455 287.448058 -3.139455 2310.849301 0.001082
431 17.514429 287.438277 -3.139455 287.438277 -3.139455 2310.849301 0.001082
432 17.514391 287.428487 -3.139455 287.428487 -3.139455 2310.849301 0.001082
433 17.514354 287.418690 -3.139455 287.418690 -3.139455 2310.849301 0.001082
434 17.514316 287.408885 -3.139455 287.408885 -3.139455 2310.849301 0.001082
435 17.514278 287.399072 -3.139455 287.399072 -3.139455 2310.849301 0.001082
436 17.514241 287.389252 -3.139455 287.389252 -3.139455 2310.849301 0.001082
437 17.514202 287.379424 -3.139455 287.379424 -3.139455 2310.849301 0.001082
438 17.514164 287.369588 -3.139455 287.369588 -3.139455 2310.849301 0.001082
439 17.514126 287.359745 -3.139455 287.359745 -3.139455 2310.849301 0.001082
440 17.514088 287.349895 -3.139455 287.349895 -3.139455 2310.849301 0.001082
441 17.514049 287.340037 -3.139455 287.340037 -3.139455 2310.849301 0.001082
442 17.514010 287.330171 -3.139455 287.330171 -3.139455 2310.849301 0.001082
443 17.513972 287.320298 -3.139455 287.320298 -3.139455 2310.849301 0.001082
444 17.513933 287.310418 -3.139455 287.310418 -3.139455 2310.849301 0.001082
445 17.513894 287.300531 -3.139455 287.300531 -3.139455 2310.849301 0.001082
446 17.513854 287.290636 -3.139455 287.290636 -3.139455 2310.849301 0.001082
447 17.513815 287.280735 -3.139455 287.280735 -3.139455 2310.849301 0.001082
448 17.513776 287.270826 -3.139455 287.270826 -3.139455 2310.849301 0.001082
449 17.513736 287.260910 -3.139455 287.260910 -3.139455 2310.849301 0.001082
450 17.513696 287.250987 -3.139455 287.250987 -3.139455 2310.849301 0.001082
451 17.513657 287.241057 -3.139455 287.241057 -3.139455 2310.849301 0.001082
452 17.513617 287.231120 -3.139455 287.231120 -3.139455 2310.849301 0.001082
453 17.513577 287.221176 -3.139455 287.221176 -3.139455 2310.849301 0.001082
454 17.513537 287.211225 -3.139455 287.211225 -3.139455 2310.849301 0.001082
455 17.513496 287.201268 -3.139455 287.201268 -3.139455 2310.849301 0.001082
456 17.513456 287.191304 -3.139455 287.191304 -3.139455 2310.849301 0.001082
457 17.513415 287.181332 -3.139455 287.181332 -3.139455 2310.849301 0.001082
458 17.513375 287.171355 -3.139455 287.171355 -3.139455 2310.849301 0.001082
459 17.513334 287.161370 -3.139455 287.161370 -3.139455 2310.849301 0.001082
460 17.513293 287.151379 -3.139455 287.151379 -3.139455 2310.849301 0.001082
461 17.513252 287.141381 -3.139455 287.141381 -3.139455 2310.849301 0.001082
462 17.513211 287.131377 -3.139455 287.131377 -3.139455 2310.849301 0.001082
463 17.513170 287.121366 -3.139455 287.121366 -3.139455 2310.849301 0.001082
464 17.513128 287.111349 -3.139455 287.111349 -3.139455 2310.849301 0.001082
465 17.513087 287.101325 -3.139455 287.101325 -3.139455 2310.849301 0.001082
466 17.513045 287.091295 -3.139455 287.091295 -3.139455 2310.849301 0.001082
467 17.513004 287.081259 -3.139455 287.081259 -3.139455 2310.849301 0.001082
468 17.512962 287.071216 -3.139455 287.071216 -3.139455 2310.849301 0.001082
469 17.512920 287.061167 -3.139455 287.061167 -3.139455 2310.849301 0.001082
470 17.512878 287.051112 -3.139455 287.051112 -3.139455 2310.849301 0.001082
471 17.512836 287.041050 -3.139455 287.041050 -3.139455 2310.849301 0.001082
472 17.512793 287.030982 -3.139455 287.030982 -3.139455 2310.849301 0.001082
473 17.512751 287.020909 -3.139455 287.020909 -3.139455 2310.849301 0.001082
474 17.512708 287.010829 -3.139455 287.010829 -3.139455 2310.849301 0.001082
475 17.512666 287.000743 -3.139455 287.000743 -3.139455 2310.849301 0.001082
476 17.512623 286.990651 -3.139455 286.990651 -3.139455 2310.849301 0.001082
477 17.512580 286.980553 -3.139455 286.980553 -3.139455 2310.849301 0.001082
478 17.512537 286.970449 -3.139455 286.970449 -3.139455 2310.849301 0.001082
479 17.512494 286.960339 -3.139455 286.960339 -3.139455 2310.849301 0.001082
480 17.512451 286.950224 -3.139455 286.950224 -3.139455 2310.849301 0.001082
481 17.512407 286.940102 -3.139455 286.940102 -3.139455 2310.849301 0.001082
482 17.512364 286.929975 -3.139455 286.929975 -3.139455 2310.849301 0.001082
483 17.512320 286.919842 -3.139455 286.919842 -3.139455 2310.849301 0.001082
484 17.512277 286.909703 -3.139455 286.909703 -3.139455 2310.849301 0.001082
485 17.512233 286.899559 -3.139455 286.899559 -3.139455 2310.849301 0.001082
486 17.512189 286.889409 -3.139455 286.889409 -3.139455 2310.849301 0.001082
487 17.512145 286.879253 -3.139455 286.879253 -3.139455 2310.849301 0.001082
488 17.512101 286.869091 -3.139455 286.869091 -3.139455 2310.849301 0.001082
489 17.512056 286.858925 -3.139455 286.858925 -3.139455 2310.849301 0.001082
490 17.512012 286.848752 -3.139455 286.848752 -3.139455 2310.849301 0.001082
491 17.511967 286.838574 -3.139455 286.838574 -3.139455 2310.849301 0.001082
492 17.511923 286.828391 -3.139455 286.828391 -3.139455 2310.849301 0.001082
493 17.511878 286.818202 -3.139455 286.818202 -3.139455 2310.849301 0.001082
494 17.511833 286.808008 -3.139455 286.808008 -3.139455 2310.849301 0.001082
495 17.511788 286.797808 -3.139455 286.797808 -3.139455 2310.849301 0.001082
496 17.511743 286.787603 -3.139455 286.787603 -3.139455 2310.849301 0.001082
497 17.511698 286.777393 -3.139455 286.777393 -3.139455 2310.849301 0.001082
498 17.511653 286.767178 -3.139455 286.767178 -3.139455 2310.849301 0.001082
499 17.511608 286.756957 -3.139455 286.756957 -3.139455 2310.849301 0.001082
500 17.511562 286.746731 -3.139455 286.746731 -3.139455 2310.849301 0.001082
501 17.511516 286.736500 -3.139455 286.736500 -3.139455 2310.849301 0.001082
502 17.511471 286.726264 -3.139455 286.726264 -3.139455 2310.849301 0.001082
503 17.511425 286.716022 -3.139455 286.716022 -3.139455 2310.849301 0.001082
504 17.511379 286.705776 -3.139455 286.705776 -3.139455 2310.849301 0.001082
505 17.511333 286.695525 -3.139455 286.695525 -3.139455 2310.849301 0.001082
506 17.511287 286.685268 -3.139455 286.685268 -3.139455 2310.849301 0.001082
507 17.511241 286.675007 -3.139455 286.675007 -3.139455 2310.849301 0.001082
508 17.511194 286.664740 -3.139455 286.664740 -3.139455 2310.849301 0.001082
509 17.511148 286.654469 -3.139455 286.654469 -3.139455 2310.849301 0.001082
510 17.511101 286.644193 -3.139455 286.644193 -3.139455 2310.849301 0.001082
511 17.511054 286.633912 -3.139455 286.633912 -3.139455 2310.849301 0.001082
512 17.511008 286.623626 -3.139455 286.623626 -3.139455 2310.849301 0.001082
513 17.510961 286.613335 -3.139455 286.613335 -3.139455 2310.849301 0.001082
514 17.510914 286.603040 -3.139455 286.603040 -3.139455 2310.849301 0.001082
515 17.510867 286.592739 -3.139455 286.592739 -3.139455 2310.849301 0.001082
516 17.510819 286.582434 -3.139455 286.582434 -3.139455 2310.849301 0.001082
517 17.510772 286.572125 -3.139455 286.572125 -3.139455 2310.849301 0.001082
518 17.510725 286.561811 -3.139455 286.561811 -3.139455 2310.849301 0.001082
519 17.510677 286.551492 -3.139455 286.551492 -3.139455 2310.849301 0.001082
520 17.510629 286.541168 -3.139455 286.541168 -3.139455 2310.849301 0.001082
521 17.510582 286.530840 -3.139455 286.530840 -3.139455 2310.849301 0.001082
522 17.510534 286.520507 -3.139455 286.520507 -3.139455 2310.849301 0.001082
523 17.510486 286.510170 -3.139455 286.510170 -3.139455 2310.849301 0.001082
524 17.510438 286.499828 -3.139455 286.499828 -3.139455 2310.849301 0.001082
525 17.510390 286.489482 -3.139455 286.489482 -3.139455 2310.849301 0.001082
526 17.510341 286.479132 -3.139455 286.479132 -3.139455 2310.849301 0.001082
527 17.510293 286.468777 -3.139455 286.468777 -3.139455 2310.849301 0.001082
528 17.510245 286.458417 -3.139455 286.458417 -3.139455 2310.849301 0.001082
529 17.510196 286.448054 -3.139455 286.448054 -3.139455 2310.849301 0.001082
530 17.510147 286.437686 -3.139455 286.437686 -3.139455 2310.849301 0.001082
531 17.510098 286.427313 -3.139455 286.427313 -3.139455 2310.849301 0.001082
532 17.510050 286.416937 -3.139455 286.416937 -3.139455 2310.849301 0.001082
533 17.510001 286.406556 -3.139455 286.406556 -3.139455 2310.849301 0.001082
534 17.509952 286.396171 -3.139455 286.396171 -3.139455 2310.849301 0.001082
535 17.509902 286.385781 -3.139455 286.385781 -3.139455 2310.849301 0.001082
536 17.509853 286.375388 -3.139455 286.375388 -3.139455 2310.849301 0.001082
537 17.509804 286.364990 -3.139455 286.364990 -3.139455 2310.849301 0.001082
538 17.509754 286.354588 -3.139455 286.354588 -3.139455 2310.849301 0.001082
539 17.509705 286.344182 -3.139455 286.344182 -3.139455 2310.849301 0.001082
540 17.509655 286.333772 -3.139455 286.333772 -3.139455 2310.849301 0.001082
541 17.509605 286.323358 -3.139455 286.323358 -3.139455 2310.849301 0.001082
542 17.509555 286.312940 -3.139455 286.312940 -3.139455 2310.849301 0.001082
543 17.509505 286.302518 -3.139455 286.302518 -3.139455 2310.849301 0.001082
544 17.509455 286.292092 -3.139455 286.292092 -3.139455 2310.849301 0.001082
545 17.509405 286.281662 -3.139455 286.281662 -3.139455 2310.849301 0.001082
546 17.509355 286.271229 -3.139455 286.271229 -3.139455 2310.849301 0.001082
547 17.509304 286.260791 -3.139455 286.260791 -3.139455 2310.849301 0.001082
548 17.509254 286.250349 -3.139455 286.250349 -3.139455 2310.849301 0.001082
549 17.509203 286.239903 -3.139455 286.239903 -3.139455 2310.849301 0.001082
550 17.509152 286.229454 -3.139455 286.229454 -3.139455 2310.849301 0.001082
551 17.509102 286.219001 -3.139455 286.219001 -3.139455 2310.849301 0.001082
552 17.509051 286.208544 -3.139455 286.208544 -3.139455 2310.849301 0.001082
553 17.509000 286.198083 -3.139455 286.198083 -3.139455 2310.849301 0.001082
554 17.508949 286.187619 -3.139455 286.187619 -3.139455 2310.849301 0.001082
555 17.508897 286.177151 -3.139455 286.177151 -3.139455 2310.849301 0.001082
556 17.508846 286.166679 -3.139455 286.166679 -3.139455 2310.849301 0.001082
557 17.508795 286.156203 -3.139455 286.156203 -3.139455 2310.849301 0.001082
558 17.508743 286.145724 -3.139455 286.145724 -3.139455 2310.849301 0.001082
559 17.508692 286.135241 -3.139455 286.135241 -3.139455 2310.849301 0.001082
560 17.508640 286.124755 -3.139455 286.124755 -3.139455 2310.849301 0.001082
561 17.508588 286.114265 -3.139455 286.114265 -3.139455 2310.849301 0.001082
562 17.508536 286.103771 -3.139455 286.103771 -3.139455 2310.849301 0.001082
563 17.508484 286.093274 -3.139455 286.093274 -3.139455 2310.849301 0.001082
564 17.508432 286.082773 -3.139455 286.082773 -3.139455 2310.849301 0.001082
565 17.508380 286.072269 -3.139455 286.072269 -3.139455 2310.849301 0.001082
566 17.508328 286.061761 -3.139455 286.061761 -3.139455 2310.849301 0.001082
567 17.508276 286.051250 -3.139455 286.051250 -3.139455 2310.849301 0.001082
568 17.508223 286.040736 -3.139455 286.040736 -3.139455 2310.849301 0.001082
569 17.508171 286.030218 -3.139455 286.030218 -3.139455 2310.849301 0.001082
570 17.508118 286.019697 -3.139455 286.019697 -3.139455 2310.849301 0.001082
571 17.508065 286.009172 -3.139455 286.009172 -3.139455 2310.849301 0.001082
572 17.508013 285.998644 -3.139455 285.998644 -3.139455 2310.849301 0.001082
573 17.507960 285.988112 -3.139455 285.988112 -3.139455 2310.849301 0.001082
574 17.507907 285.977578 -3.139455 285.977578 -3.139455 2310.849301 0.001082
575 17.507854 285.967040 -3.139455 285.967040 -3.139455 2310.849301 0.001082
576 17.507801 285.956498 -3.139455 285.956498 -3.139455 2310.849301 0.001082
577 17.507747 285.945954 -3.139455 285.945954 -3.139455 2310.849301 0.001082
578 17.507694 285.935406 -3.139455 285.935406 -3.139455 2310.849301 0.001082
579 17.507641 285.924855 -3.139455 285.924855 -3.139455 2310.849301 0.001082
580 17.507587 285.914301 -3.139455 285.914301 -3.139455 2310.849301 0.001082
581 17.507533 285.903744 -3.139455 285.903744 -3.139455 2310.849301 0.001082
582 17.507480 285.893183 -3.139455 285.893183 -3.139455 2310.849301 0.001082
583 17.507426 285.882620 -3.139455 285.882620 -3.139455 2310.849301 0.001082
584 17.507372 285.872053 -3.139455 285.872053 -3.139455 2310.849301 0.001082
585 17.507318 285.861483 -3.139455 285.861483 -3.139455 2310.849301 0.001082
586 17.507264 285.850910 -3.139455 285.850910 -3.139455 2310.849301 0.001082
587 17.507210 285.840335 -3.139455 285.840335 -3.139455 2310.849301 0.001082
588 17.507156 285.829756 -3.139455 285.829756 -3.139455 2310.849301 0.001082
589 17.507101 285.819174 -3.139455 285.819174 -3.139455 2310.849301 0.001082
590 17.507047 285.808589 -3.139455 285.808589 -3.139455 2310.849301 0.001082
591 17.506992 285.798001 -3.139455 285.798001 -3.139455 2310.849301 0.001082
592 17.506938 285.787410 -3.139455 285.787410 -3.139455 2310.849301 0.001082
593 17.506883 285.776816 -3.139455 285.776816 -3.139455 2310.849301 0.001082
594 17.506828 285.766219 -3.139455 285.766219 -3.139455 2310.849301 0.001082
595 17.506773 285.755619 -3.139455 285.755619 -3.139455 2310.849301 0.001082
596 17.506718 285.745017 -3.139455 285.745017 -3.139455 2310.849301 0.001082
597 17.506663 285.734411 -3.139455 285.734411 -3.139455 2310.849301 0.001082
598 17.506608 285.723803 -3.139455 285.723803 -3.139455 2310.849301 0.001082
599 17.506553 285.713192 -3.139455 285.713192 -3.139455 2310.849301 0.001082
600 17.506498 285.702578 -3.139455 285.702578 -3.139455 2310.849301 0.001082
601 17.506442 285.691961 -3.139455 285.691961 -3.139455 2310.849301 0.001082
602 17.506387 285.681341 -3.139455 285.681341 -3.139455 2310.849301 0.001082
603 17.506331 285.670719 -3.139455 285.670719 -3.139455 2310.849301 0.001082
604 17.506276 285.660094 -3.139455 285.660094 -3.139455 2310.849301 0.001082
605 17.506220 285.649466 -3.139455 285.649466 -3.139455 2310.849301 0.001082
606 17.506164 285.638836 -3.139455 285.638836 -3.139455 2310.849301 0.001082
607 17.506108 285.628202 -3.139455 285.628202 -3.139455 2310.849301 0.001082
608 17.506052 285.617566 -3.139455 285.617566 -3.139455 2310.849301 0.001082
609 17.505996 285.606928 -3.139455 285.606928 -3.139455 2310.849301 0.001082
610 17.505940 285.596287 -3.139455 285.596287 -3.139455 2310.849301 0.001082
611 17.505884 285.585643 -3.139455 285.585643 -3.139455 2310.849301 0.001082
612 17.505827 285.574996 -3.139455 285.574996 -3.139455 2310.849301 0.001082
613 17.505771 285.564347 -3.139455 285.564347 -3.139455 2310.849301 0.001082
614 17.505715 285.553695 -3.139455 285.553695 -3.139455 2310.849301 0.001082
615 17.505658 285.543041 -3.139455 285.543041 -3.139455 2310.849301 0.001082
616 17.505601 285.532384 -3.139455 285.532384 -3.139455 2310.849301 0.001082
617 17.505545 285.521725 -3.139455 285.521725 -3.139455 2310.849301 0.001082
618 17.505488 285.511063 -3.139455 285.511063 -3.139455 2310.849301 0.001082
619 17.505431 285.500399 -3.139455 285.500399 -3.139455 2310.849301 0.001082
620 17.505374 285.489732 -3.139455 285.489732 -3.139455 2310.849301 0.001082
621 17.505317 285.479062 -3.139455 285.479062 -3.139455 2310.849301 0.001082
622 17.505260 285.468391 -3.139455 285.468391 -3.139455 2310.849301 0.001082
623 17.505202 285.457716 -3.139455 285.457716 -3.139455 2310.849301 0.001082
624 17.505145 285.447040 -3.139455 285.447040 -3.139455 2310.849301 0.001082
625 17.505088 285.436361 -3.139456 285.436361 -3.139456 2310.849301 0.001082
626 17.505030 285.425679 -3.139456 285.425679 -3.139456 2310.849301 0.001082
627 17.504973 285.414995 -3.139456 285.414995 -3.139456 2310.849301 0.001082
628 17.504915 285.404309 -3.139456 285.404309 -3.139456 2310.849301 0.001082
629 17.504857 285.393620 -3.139456 285.393620 -3.139456 2310.849301 0.001082
630 17.504800 285.382929 -3.139456 285.382929 -3.139456 2310.849301 0.001082
631 17.504742 285.372236 -3.139456 285.372236 -3.139456 2310.849301 0.001082
632 17.504684 285.361540 -3.139456 285.361540 -3.139456 2310.849301 0.001082
633 17.504626 285.350842 -3.139456 285.350842 -3.139456 2310.849301 0.001082
634 17.504568 285.340142 -3.139456 285.340142 -3.139456 2310.849301 0.001082
635 17.504509 285.329440 -3.139456 285.329440 -3.139456 2310.849301 0.001082
636 17.504451 285.318735 -3.139456 285.318735 -3.139456 2310.849301 0.001082
637 17.504393 285.308028 -3.139456 285.308028 -3.139456 2310.849301 0.001082
638 17.504334 285.297319 -3.139456 285.297319 -3.139456 2310.849301 0.001082
639 17.504276 285.286608 -3.139456 285.286608 -3.139456 2310.849301 0.001082
640 17.504217 285.275894 -3.139456 285.275894 -3.139456 2310.849301 0.001082
641 17.504159 285.265178 -3.139456 285.265178 -3.139456 2310.849301 0.001082
642 17.504100 285.254460 -3.139456 285.254460 -3.139456 2310.849301 0.001082
643 17.504041 285.243740 -3.139456 285.243740 -3.139456 2310.849301 0.001082
644 17.503982 285.233018 -3.139456 285.233018 -3.139456 2310.849301 0.001082
645 17.503923 285.222294 -3.139456 285.222294 -3.139456 2310.849301 0.001082
646 17.503864 285.211567 -3.139456 285.211567 -3.139456 2310.849301 0.001082
647 17.503805 285.200838 -3.139456 285.200838 -3.139456 2310.849301 0.001082
648 17.503746 285.190108 -3.139456 285.190108 -3.139456 2310.849301 0.001082
649 17.503687 285.179375 -3.139456 285.179375 -3.139456 2310.849301 0.001082
650 17.503627 285.168640 -3.139456 285.168640 -3.139456 2310.849301 0.001082
651 17.503568 285.157903 -3.139456 285.157903 -3.139456 2310.849301 0.001082
652 17.503508 285.147164 -3.139456 285.147164 -3.139456 2310.849301 0.001082
653 17.503449 285.136423 -3.139456 285.136423 -3.139456 2310.849301 0.001082
654 17.503389 285.125680 -3.139456 285.125680 -3.139456 2310.849301 0.001082
655 17.503329 285.114935 -3.139456 285.114935 -3.139456 2310.849301 0.001082
656 17.503270 285.104188 -3.139456 285.104188 -3.139456 2310.849301 0.001082
657 17.503210 285.093440 -3.139456 285.093440 -3.139456 2310.849301 0.001082
658 17.503150 285.082689 -3.139456 285.082689 -3.139456 2310.849301 0.001082
659 17.503090 285.071936 -3.139456 285.071936 -3.139456 2310.849301 0.001082
660 17.503030 285.061181 -3.139456 285.061181 -3.139456 2310.849301 0.001082
661 17.502969 285.050424 -3.139456 285.050424 -3.139456 2310.849301 0.001082
662 17.502909 285.039666 -3.139456 285.039666 -3.139456 2310.849301 0.001082
663 17.502849 285.028905 -3.139456 285.028905 -3.139456 2310.849301 0.001082
664 17.502788 285.018143 -3.139456 285.018143 -3.139456 2310.849301 0.001082
665 17.502728 285.007378 -3.139456 285.007378 -3.139456 2310.849301 0.001082
666 17.502667 284.996612 -3.139456 284.996612 -3.139456 2310.849301 0.001082
667 17.502607 284.985844 -3.139456 284.985844 -3.139456 2310.849301 0.001082
668 17.502546 284.975074 -3.139456 284.975074 -3.139456 2310.849301 0.001082
669 17.502485 284.964303 -3.139456 284.964303 -3.139456 2310.849301 0.001082
670 17.502425 284.953529 -3.139456 284.953529 -3.139456 2310.849301 0.001082
671 17.502364 284.942754 -3.139456 284.942754 -3.139456 2310.849301 0.001082
672 17.502303 284.931977 -3.139456 284.931977 -3.139456 2310.849301 0.001082
673 17.502242 284.921198 -3.139456 284.921198 -3.139456 2310.849301 0.001082
674 17.502180 284.910417 -3.139456 284.910417 -3.139456 2310.849301 0.001082
675 17.502119 284.899635 -3.139456 284.899635 -3.139456 2310.849301 0.001082
676 17.502058 284.888851 -3.139456 284.888851 -3.139456 2310.849301 0.001082
677 17.501997 284.878065 -3.139456 284.878065 -3.139456 2310.849301 0.001082
678 17.501935 284.867277 -3.139456 284.867277 -3.139456 2310.849301 0.001082
679 17.501874 284.856488 -3.139456 284.856488 -3.139456 2310.849301 0.001082
680 17.501812 284.845697 -3.139456 284.845697 -3.139456 2310.849301 0.001082
681 17.501751 284.834904 -3.139456 284.834904 -3.139456 2310.849301 0.001082
682 17.501689 284.824110 -3.139456 284.824110 -3.139456 2310.849301 0.001082
683 17.501627 284.813314 -3.139456 284.813314 -3.139456 2310.849301 0.001082
684 17.501565 284.802516 -3.139456 284.802516 -3.139456 2310.849301 0.001082
685 17.501504 284.791716 -3.139456 284.791716 -3.139456 2310.849301 0.001082
686 17.501442 284.780915 -3.139456 284.780915 -3.139456 2310.849301 0.001082
687 17.501380 284.770113 -3.139456 284.770113 -3.139456 2310.849301 0.001082
688 17.501317 284.759308 -3.139456 284.759308 -3.139456 2310.849301 0.001082
689 17.501255 284.748502 -3.139456 284.748502 -3.139456 2310.849301 0.001082
690 17.501193 284.737695 -3.139456 284.737695 -3.139456 2310.849301 0.001082
691 17.501131 284.726886 -3.139456 284.726886 -3.139456 2310.849301 0.001082
692 17.501068 284.716075 -3.139456 284.716075 -3.139456 2310.849301 0.001082
693 17.501006 284.705263 -3.139456 284.705263 -3.139456 2310.849301 0.001082
694 17.500943 284.694449 -3.139456 284.694449 -3.139456 2310.849301 0.001082
695 17.500881 284.683634 -3.139456 284.683634 -3.139456 2310.849301 0.001082
696 17.500818 284.672817 -3.139456 284.672817 -3.139456 2310.849301 0.001082
697 17.500756 284.661999 -3.139456 284.661999 -3.139456 2310.849301 0.001082
698 17.500693 284.651179 -3.139456 284.651179 -3.139456 2310.849301 0.001082
699 17.500630 284.640357 -3.139456 284.640357 -3.139456 2310.849301 0.001082
700 17.500567 284.629534 -3.139456 284.629534 -3.139456 2310.849301 0.001082
701 17.500504 284.618710 -3.139456 284.618710 -3.139456 2310.849301 0.001082
702 17.500441 284.607884 -3.139456 284.607884 -3.139456 2310.849301 0.001082
703 17.500378 284.597057 -3.139456 284.597057 -3.139456 2310.849301 0.001082
704 17.500315 284.586228 -3.139456 284.586228 -3.139456 2310.849301 0.001082
705 17.500252 284.575398 -3.139456 284.575398 -3.139456 2310.849301 0.001082
706 17.500188 284.564566 -3.139456 284.564566 -3.139456 2310.849301 0.001082
707 17.500125 284.553733 -3.139456 284.553733 -3.139456 2310.849301 0.001082
708 17.500061 284.542898 -3.139456 284.542898 -3.139456 2310.849301 0.001082
709 17.499998 284.532062 -3.139456 284.532062 -3.139456 2310.849301 0.001082
710 17.499934 284.521225 -3.139456 284.521225 -3.139456 2310.849301 0.001082
711 17.499871 284.510386 -3.139456 284.510386 -3.139456 2310.849301 0.001082
712 17.499807 284.499546 -3.139456 284.499546 -3.139456 2310.849301 0.001082
713 17.499743 284.488705 -3.139456 284.488705 -3.139456 2310.849301 0.001082
714 17.499679 284.477862 -3.139456 284.477862 -3.139456 2310.849301 0.001082
715 17.499616 284.467018 -3.139456 284.467018 -3.139456 2310.849301 0.001082
716 17.499552 284.456172 -3.139456 284.456172 -3.139456 2310.849301 0.001082
717 17.499488 284.445325 -3.139456 284.445325 -3.139456 2310.849301 0.001082
718 17.499424 284.434477 -3.139456 284.434477 -3.139456 2310.849301 0.001082
719 17.499359 284.423627 -3.139456 284.423627 -3.139456 2310.849301 0.001082
720 17.499295 284.412777 -3.139456 284.412777 -3.139456 2310.849301 0.001082
721 17.499231 284.401924 -3.139456 284.401924 -3.139456 2310.849301 0.001082
722 17.499167 284.391071 -3.139456 284.391071 -3.139456 2310.849301 0.001082
723 17.499102 284.380216 -3.139456 284.380216 -3.139456 2310.849301 0.001082
724 17.499038 284.369360 -3.139456 284.369360 -3.139456 2310.849301 0.001082
725 17.498973 284.358503 -3.139456 284.358503 -3.139456 2310.849301 0.001082
726 17.498909 284.347645 -3.139456 284.347645 -3.139456 2310.849301 0.001082
727 17.498844 284.336785 -3.139456 284.336785 -3.139456 2310.849301 0.001082
728 17.498779 284.325924 -3.139456 284.325924 -3.139456 2310.849301 0.001082
729 17.498715 284.315062 -3.139456 284.315062 -3.139456 2310.849301 0.001082
730 17.498650 284.304198 -3.139456 284.304198 -3.139456 2310.849301 0.001082
731 17.498585 284.293333 -3.139456 284.293333 -3.139456 2310.849301 0.001082
732 17.498520 284.282468 -3.139456 284.282468 -3.139456 2310.849301 0.001082
733 17.498455 284.271601 -3.139456 284.271601 -3.139456 2310.849301 0.001082
734 17.498390 284.260732 -3.139456 284.260732 -3.139456 2310.849301 0.001082
735 17.498325 284.249863 -3.139456 284.249863 -3.139456 2310.849301 0.001082
736 17.498260 284.238992 -3.139456 284.238992 -3.139456 2310.849301 0.001082
737 17.498194 284.228120 -3.139456 284.228120 -3.139456 2310.849301 0.001082
738 17.498129 284.217247 -3.139456 284.217247 -3.139456 2310.849301 0.001082
739 17.498064 284.206373 -3.139456 284.206373 -3.139456 2310.849301 0.001082
740 17.497998 284.195498 -3.139456 284.195498 -3.139456 2310.849301 0.001082
741 17.497933 284.184622 -3.139456 284.184622 -3.139456 2310.849301 0.001082
742 17.497867 284.173744 -3.139456 284.173744 -3.139456 2310.849301 0.001082
743 17.497801 284.162866 -3.139456 284.162866 -3.139456 2310.849301 0.001082
744 17.497736 284.151986 -3.139456 284.151986 -3.139456 2310.849301 0.001082
745 17.497670 284.141105 -3.139456 284.141105 -3.139456 2310.849301 0.001082
746 17.497604 284.130223 -3.139456 284.130223 -3.139456 2310.849301 0.001082
747 17.497538 284.119340 -3.139456 284.119340 -3.139456 2310.849301 0.001082
748 17.497473 284.108456 -3.139456 284.108456 -3.139456 2310.849301 0.001082
749 17.497407 284.097571 -3.139456 284.097571 -3.139456 2310.849301 0.001082
750 17.497341 284.086685 -3.139456 284.086685 -3.139456 2310.849301 0.001082
751 17.497274 284.075798 -3.139456 284.075798 -3.139456 2310.849301 0.001082
752 17.497208 284.064909 -3.139456 284.064909 -3.139456 2310.849301 0.001082
753 17.497142 284.054020 -3.139456 284.054020 -3.139456 2310.849301 0.001082
754 17.497076 284.043129 -3.139456 284.043129 -3.139456 2310.849301 0.001082
755 17.497010 284.032238 -3.139456 284.032238 -3.139456 2310.849301 0.001082
756 17.496943 284.021346 -3.139456 284.021346 -3.139456 2310.849301 0.001082
757 17.496877 284.010452 -3.139456 284.010452 -3.139456 2310.849301 0.001082
758 17.496810 283.999558 -3.139456 283.999558 -3.139456 2310.849301 0.001082
759 17.496744 283.988662 -3.139456 283.988662 -3.139456 2310.849301 0.001082
760 17.496677 283.977766 -3.139456 283.977766 -3.139456 2310.849301 0.001082
761 17.496611 283.966868 -3.139456 283.966868 -3.139456 2310.849301 0.001082
762 17.496544 283.955970 -3.139456 283.955970 -3.139456 2310.849301 0.001082
763 17.496477 283.945071 -3.139456 283.945071 -3.139456 2310.849301 0.001082
764 17.496410 283.934170 -3.139456 283.934170 -3.139456 2310.849301 0.001082
765 17.496343 283.923269 -3.139456 283.923269 -3.139456 2310.849301 0.001082
766 17.496276 283.912367 -3.139456 283.912367 -3.139456 2310.849301 0.001082
767 17.496209 283.901464 -3.139456 283.901464 -3.139456 2310.849301 0.001082
768 17.496142 283.890559 -3.139456 283.890559 -3.139456 2310.849301 0.001082
769 17.496075 283.879654 -3.139456 283.879654 -3.139456 2310.849301 0.001082
770 17.496008 283.868748 -3.139456 283.868748 -3.139456 2310.849301 0.001082
771 17.495941 283.857842 -3.139456 283.857842 -3.139456 2310.849301 0.001082
772 17.495874 283.846934 -3.139456 283.846934 -3.139456 2310.849301 0.001082
773 17.495806 283.836025 -3.139456 283.836025 -3.139456 2310.849301 0.001082
774 17.495739 283.825116 -3.139456 283.825116 -3.139456 2310.849301 0.001082
775 17.495672 283.814205 -3.139456 283.814205 -3.139456 2310.849301 0.001082
776 17.495604 283.803294 -3.139456 283.803294 -3.139456 2310.849301 0.001082
777 17.495537 283.792382 -3.139456 283.792382 -3.139456 2310.849301 0.001082
778 17.495469 283.781468 -3.139457 283.781468 -3.139457 2310.849301 0.001082
779 17.495401 283.770554 -3.139457 283.770554 -3.139457 2310.849301 0.001082
780 17.495334 283.759640 -3.139457 283.759640 -3.139457 2310.849301 0.001082
781 17.495266 283.748724 -3.139457 283.748724 -3.139457 2310.849301 0.001082
782 17.495198 283.737808 -3.139457 283.737808 -3.139457 2310.849301 0.001082
783 17.495130 283.726890 -3.139457 283.726890 -3.139457 2310.849301 0.001082
784 17.495062 283.715972 -3.139457 283.715972 -3.139457 2310.849301 0.001082
785 17.494994 283.705053 -3.139457 283.705053 -3.139457 2310.849301 0.001082
786 17.494926 283.694133 -3.139457 283.694133 -3.139457 2310.849301 0.001082
787 17.494858 283.683213 -3.139457 283.683213 -3.139457 2310.849301 0.001082
788 17.494790 283.672291 -3.139457 283.672291 -3.139457 2310.849301 0.001082
789 17.494722 283.661369 -3.139457 283.661369 -3.139457 2310.849301 0.001082
790 17.494654 283.650446 -3.139457 283.650446 -3.139457 2310.849301 0.001082
791 17.494585 283.639522 -3.139457 283.639522 -3.139457 2310.849301 0.001082
792 17.494517 283.628598 -3.139457 283.628598 -3.139457 2310.849301 0.001082
793 17.494449 283.617672 -3.139457 283.617672 -3.139457 2310.849301 0.001082
794 17.494380 283.606746 -3.139457 283.606746 -3.139457 2310.849301 0.001082
795 17.494312 283.595819 -3.139457 283.595819 -3.139457 2310.849301 0.001082
796 17.494243 283.584892 -3.139457 283.584892 -3.139457 2310.849301 0.001082
797 17.494175 283.573963 -3.139457 283.573963 -3.139457 2310.849301 0.001082
798 17.494106 283.563034 -3.139457 283.563034 -3.139457 2310.849301 0.001082
799 17.494037 283.552104 -3.139457 283.552104 -3.139457 2310.849301 0.001082
800 17.493968 283.541174 -3.139457 283.541174 -3.139457 2310.849301 0.001082
801 17.493900 283.530243 -3.139457 283.530243 -3.139457 2310.849301 0.001082
802 17.493831 283.519311 -3.139457 283.519311 -3.139457 2310.849301 0.001082
803 17.493762 283.508378 -3.139457 283.508378 -3.139457 2310.849301 0.001082
804 17.493693 283.497444 -3.139457 283.497444 -3.139457 2310.849301 0.001082
805 17.493624 283.486510 -3.139457 283.486510 -3.139457 2310.849301 0.001082
806 17.493555 283.475575 -3.139457 283.475575 -3.139457 2310.849301 0.001082
807 17.493486 283.464640 -3.139457 283.464640 -3.139457 2310.849301 0.001082
808 17.493417 283.453704 -3.139457 283.453704 -3.139457 2310.849301 0.001082
809 17.493347 283.442767 -3.139457 283.442767 -3.139457 2310.849301 0.001082
810 17.493278 283.431829 -3.139457 283.431829 -3.139457 2310.849301 0.001082
811 17.493209 283.420891 -3.139457 283.420891 -3.139457 2310.849301 0.001082
812 17.493139 283.409952 -3.139457 283.409952 -3.139457 2310.849301 0.001082
813 17.493070 283.399012 -3.139457 283.399012 -3.139457 2310.849301 0.001082
814 17.493001 283.388072 -3.139457 283.388072 -3.139457 2310.849301 0.001082
815 17.492931 283.377131 -3.139457 283.377131 -3.139457 2310.849301 0.001082
816 17.492862 283.366190 -3.139457 283.366190 -3.139457 2310.849301 0.001082
817 17.492792 283.355248 -3.139457 283.355248 -3.139457 2310.849301 0.001082
818 17.492722 283.344305 -3.139457 283.344305 -3.139457 2310.849301 0.001082
819 17.492653 283.333361 -3.139457 283.333361 -3.139457 2310.849301 0.001082
820 17.492583 283.322417 -3.139457 283.322417 -3.139457 2310.849301 0.001082
821 17.492513 283.311473 -3.139457 283.311473 -3.139457 2310.849301 0.001082
822 17.492443 283.300527 -3.139457 283.300527 -3.139457 2310.849301 0.001082
823 17.492373 283.289582 -3.139457 283.289582 -3.139457 2310.849301 0.001082
824 17.492303 283.278635 -3.139457 283.278635 -3.139457 2310.849301 0.001082
825 17.492233 283.267688 -3.139457 283.267688 -3.139457 2310.849301 0.001082
826 17.492163 283.256740 -3.139457 283.256740 -3.139457 2310.849301 0.001082
827 17.492093 283.245792 -3.139457 283.245792 -3.139457 2310.849301 0.001082
828 17.492023 283.234843 -3.139457 283.234843 -3.139457 2310.849301 0.001082
829 17.491953 283.223894 -3.139457 283.223894 -3.139457 2310.849301 0.001082
830 17.491883 283.212944 -3.139457 283.212944 -3.139457 2310.849301 0.001082
831 17.491812 283.201993 -3.139457 283.201993 -3.139457 2310.849301 0.001082
832 17.491742 283.191042 -3.139457 283.191042 -3.139457 2310.849301 0.001082
833 17.491672 283.180091 -3.139457 283.180091 -3.139457 2310.849301 0.001082
834 17.491601 283.169139 -3.139457 283.169139 -3.139457 2310.849301 0.001082
835 17.491531 283.158186 -3.139457 283.158186 -3.139457 2310.849301 0.001082
836 17.491460 283.147233 -3.139457 283.147233 -3.139457 2310.849301 0.001082
837 17.491390 283.136279 -3.139457 283.136279 -3.139457 2310.849301 0.001082
838 17.491319 283.125324 -3.139457 283.125324 -3.139457 2310.849301 0.001082
839 17.491249 283.114369 -3.139457 283.114369 -3.139457 2310.849301 0.001082
840 17.491178 283.103414 -3.139457 283.103414 -3.139457 2310.849301 0.001082
841 17.491107 283.092458 -3.139457 283.092458 -3.139457 2310.849301 0.001082
842 17.491036 283.081502 -3.139457 283.081502 -3.139457 2310.849301 0.001082
843 17.490965 283.070545 -3.139457 283.070545 -3.139457 2310.849301 0.001082
844 17.490895 283.059587 -3.139457 283.059587 -3.139457 2310.849301 0.001082
845 17.490824 283.048630 -3.139457 283.048630 -3.139457 2310.849301 0.001082
846 17.490753 283.037671 -3.139457 283.037671 -3.139457 2310.849301 0.001082
847 17.490682 283.026712 -3.139457 283.026712 -3.139457 2310.849301 0.001082
848 17.490611 283.015753 -3.139457 283.015753 -3.139457 2310.849301 0.001082
849 17.490540 283.004793 -3.139457 283.004793 -3.139457 2310.849301 0.001082
850 17.490468 282.993833 -3.139457 282.993833 -3.139457 2310.849301 0.001082
851 17.490397 282.982872 -3.139457 282.982872 -3.139457 2310.849301 0.001082
852 17.490326 282.971911 -3.139457 282.971911 -3.139457 2310.849301 0.001082
853 17.490255 282.960949 -3.139457 282.960949 -3.139457 2310.849301 0.001082
854 17.490183 282.949987 -3.139457 282.949987 -3.139457 2310.849301 0.001082
855 17.490112 282.939024 -3.139457 282.939024 -3.139457 2310.849301 0.001082
856 17.490041 282.928061 -3.139457 282.928061 -3.139457 2310.849301 0.001082
857 17.489969 282.917097 -3.139457 282.917097 -3.139457 2310.849301 0.001082
858 17.489898 282.906133 -3.139457 282.906133 -3.139457 2310.849301 0.001082
859 17.489826 282.895169 -3.139457 282.895169 -3.139457 2310.849301 0.001082
860 17.489754 282.884204 -3.139457 282.884204 -3.139457 2310.849301 0.001082
861 17.489683 282.873239 -3.139457 282.873239 -3.139457 2310.849301 0.001082
862 17.489611 282.862273 -3.139457 282.862273 -3.139457 2310.849301 0.001082
863 17.489539 282.851307 -3.139457 282.851307 -3.139457 2310.849301 0.001082
864 17.489468 282.840341 -3.139457 282.840341 -3.139457 2310.849301 0.001082
865 17.489396 282.829374 -3.139457 282.829374 -3.139457 2310.849301 0.001082
866 17.489324 282.818406 -3.139457 282.818406 -3.139457 2310.849301 0.001082
867 17.489252 282.807439 -3.139457 282.807439 -3.139457 2310.849301 0.001082
868 17.489180 282.796471 -3.139457 282.796471 -3.139457 2310.849301 0.001082
869 17.489108 282.785502 -3.139457 282.785502 -3.139457 2310.849301 0.001082
870 17.489036 282.774533 -3.139457 282.774533 -3.139457 2310.849301 0.001082
871 17.488964 282.763564 -3.139457 282.763564 -3.139457 2310.849301 0.001082
872 17.488892 282.752594 -3.139457 282.752594 -3.139457 2310.849301 0.001082
873 17.488820 282.741624 -3.139457 282.741624 -3.139457 2310.849301 0.001082
874 17.488748 282.730654 -3.139457 282.730654 -3.139457 2310.849301 0.001082
875 17.488675 282.719683 -3.139457 282.719683 -3.139457 2310.849301 0.001082
876 17.488603 282.708712 -3.139457 282.708712 -3.139457 2310.849301 0.001082
877 17.488531 282.697740 -3.139457 282.697740 -3.139457 2310.849301 0.001082
878 17.488458 282.686769 -3.139457 282.686769 -3.139457 2310.849301 0.001082
879 17.488386 282.675796 -3.139457 282.675796 -3.139457 2310.849301 0.001082
880 17.488314 282.664824 -3.139457 282.664824 -3.139457 2310.849301 0.001082
881 17.488241 282.653851 -3.139457 282.653851 -3.139457 2310.849301 0.001082
882 17.488169 282.642878 -3.139457 282.642878 -3.139457 2310.849301 0.001082
883 17.488096 282.631904 -3.139457 282.631904 -3.139457 2310.849301 0.001082
884 17.488023 282.620930 -3.139457 282.620930 -3.139457 2310.849301 0.001082
885 17.487951 282.609956 -3.139457 282.609956 -3.139457 2310.849301 0.001082
886 17.487878 282.598981 -3.139457 282.598981 -3.139457 2310.849301 0.001082
887 17.487805 282.588007 -3.139457 282.588007 -3.139457 2310.849301 0.001082
888 17.487732 282.577031 -3.139457 282.577031 -3.139457 2310.849301 0.001082
889 17.487660 282.566056 -3.139457 282.566056 -3.139457 2310.849301 0.001082
890 17.487587 282.555080 -3.139457 282.555080 -3.139457 2310.849301 0.001082
891 17.487514 282.544104 -3.139457 282.544104 -3.139457 2310.849301 0.001082
892 17.487441 282.533128 -3.139457 282.533128 -3.139457 2310.849301 0.001082
893 17.487368 282.522151 -3.139457 282.522151 -3.139457 2310.849301 0.001082
894 17.487295 282.511174 -3.139457 282.511174 -3.139457 2310.849301 0.001082
895 17.487222 282.500197 -3.139457 282.500197 -3.139457 2310.849301 0.001082
896 17.487149 282.489219 -3.139457 282.489219 -3.139457 2310.849301 0.001082
897 17.487076 282.478241 -3.139457 282.478241 -3.139457 2310.849301 0.001082
898 17.487002 282.467263 -3.139457 282.467263 -3.139457 2310.849301 0.001082
899 17.486929 282.456285 -3.139457 282.456285 -3.139457 2310.849301 0.001082
900 17.486856 282.445306 -3.139457 282.445306 -3.139457 2310.849301 0.001082
901 17.486783 282.434327 -3.139457 282.434327 -3.139457 2310.849301 0.001082
902 17.486709 282.423348 -3.139457 282.423348 -3.139457 2310.849301 0.001082
903 17.486636 282.412368 -3.139457 282.412368 -3.139457 2310.849301 0.001082
904 17.486563 282.401388 -3.139457 282.401388 -3.139457 2310.849301 0.001082
905 17.486489 282.390408 -3.139457 282.390408 -3.139457 2310.849301 0.001082
906 17.486416 282.379428 -3.139457 282.379428 -3.139457 2310.849301 0.001082
907 17.486342 282.368448 -3.139457 282.368448 -3.139457 2310.849301 0.001082
908 17.486268 282.357467 -3.139457 282.357467 -3.139457 2310.849301 0.001082
909 17.486195 282.346486 -3.139457 282.346486 -3.139457 2310.849301 0.001082
910 17.486121 282.335505 -3.139457 282.335505 -3.139457 2310.849301 0.001082
911 17.486048 282.324523 -3.139457 282.324523 -3.139457 2310.849301 0.001082
912 17.485974 282.313542 -3.139457 282.313542 -3.139457 2310.849301 0.001082
913 17.485900 282.302560 -3.139457 282.302560 -3.139457 2310.849301 0.001082
914 17.485826 282.291578 -3.139458 282.291578 -3.139458 2310.849301 0.001082
915 17.485752 282.280595 -3.139458 282.280595 -3.139458 2310.849301 0.001082
916 17.485679 282.269613 -3.139458 282.269613 -3.139458 2310.849301 0.001082
917 17.485605 282.258630 -3.139458 282.258630 -3.139458 2310.849301 0.001082
918 17.485531 282.247647 -3.139458 282.247647 -3.139458 2310.849301 0.001082
919 17.485457 282.236664 -3.139458 282.236664 -3.139458 2310.849301 0.001082
920 17.485383 282.225680 -3.139458 282.225680 -3.139458 2310.849301 0.001082
921 17.485309 282.214697 -3.139458 282.214697 -3.139458 2310.849301 0.001082
922 17.485234 282.203713 -3.139458 282.203713 -3.139458 2310.849301 0.001082
923 17.485160 282.192729 -3.139458 282.192729 -3.139458 2310.849301 0.001082
924 17.485086 282.181745 -3.139458 282.181745 -3.139458 2310.849301 0.001082
925 17.485012 282.170760 -3.139458 282.170760 -3.139458 2310.849301 0.001082
926 17.484938 282.159776 -3.139458 282.159776 -3.139458 2310.849301 0.001082
927 17.484863 282.148791 -3.139458 282.148791 -3.139458 2310.849301 0.001082
928 17.484789 282.137806 -3.139458 282.137806 -3.139458 2310.849301 0.001082
929 17.484715 282.126821 -3.139458 282.126821 -3.139458 2310.849301 0.001082
930 17.484640 282.115836 -3.139458 282.115836 -3.139458 2310.849301 0.001082
931 17.484566 282.104850 -3.139458 282.104850 -3.139458 2310.849301 0.001082
932 17.484491 282.093865 -3.139458 282.093865 -3.139458 2310.849301 0.001082
933 17.484417 282.082879 -3.139458 282.082879 -3.139458 2310.849301 0.001082
934 17.484342 282.071893 -3.139458 282.071893 -3.139458 2310.849301 0.001082
935 17.484268 282.060907 -3.139458 282.060907 -3.139458 2310.849301 0.001082
936 17.484193 282.049921 -3.139458 282.049921 -3.139458 2310.849301 0.001082
937 17.484118 282.038934 -3.139458 282.038934 -3.139458 2310.849301 0.001082
938 17.484044 282.027948 -3.139458 282.027948 -3.139458 2310.849301 0.001082
939 17.483969 282.016961 -3.139458 282.016961 -3.139458 2310.849301 0.001082
940 17.483894 282.005974 -3.139458 282.005974 -3.139458 2310.849301 0.001082
941 17.483819 281.994987 -3.139458 281.994987 -3.139458 2310.849301 0.001082
942 17.483745 281.984000 -3.139458 281.984000 -3.139458 2310.849301 0.001082
943 17.483670 281.973013 -3.139458 281.973013 -3.139458 2310.849301 0.001082
944 17.483595 281.962026 -3.139458 281.962026 -3.139458 2310.849301 0.001082
945 17.483520 281.951038 -3.139458 281.951038 -3.139458 2310.849301 0.001082
946 17.483445 281.940051 -3.139458 281.940051 -3.139458 2310.849301 0.001082
947 17.483370 281.929063 -3.139458 281.929063 -3.139458 2310.849301 0.001082
948 17.483295 281.918075 -3.139458 281.918075 -3.139458 2310.849301 0.001082
949 17.483220 281.907087 -3.139458 281.907087 -3.139458 2310.849301 0.001082
950 17.483145 281.896099 -3.139458 281.896099 -3.139458 2310.849301 0.001082
951 17.483069 281.885111 -3.139458 281.885111 -3.139458 2310.849301 0.001082
952 17.482994 281.874123 -3.139458 281.874123 -3.139458 2310.849301 0.001082
953 17.482919 281.863134 -3.139458 281.863134 -3.139458 2310.849301 0.001082
954 17.482844 281.852146 -3.139458 281.852146 -3.139458 2310.849301 0.001082
955 17.482768 281.841157 -3.139458 281.841157 -3.139458 2310.849301 0.001082
956 17.482693 281.830169 -3.139458 281.830169 -3.139458 2310.849301 0.001082
957 17.482618 281.819180 -3.139458 281.819180 -3.139458 2310.849301 0.001082
958 17.482542 281.808191 -3.139458 281.808191 -3.139458 2310.849301 0.001082
959 17.482467 281.797202 -3.139458 281.797202 -3.139458 2310.849301 0.001082
960 17.482391 281.786213 -3.139458 281.786213 -3.139458 2310.849301 0.001082
961 17.482316 281.775224 -3.139458 281.775224 -3.139458 2310.849301 0.001082
962 17.482240 281.764235 -3.139458 281.764235 -3.139458 2310.849301 0.001082
963 17.482165 281.753246 -3.139458 281.753246 -3.139458 2310.849301 0.001082
964 17.482089 281.742256 -3.139458 281.742256 -3.139458 2310.849301 0.001082
965 17.482014 281.731267 -3.139458 281.731267 -3.139458 2310.849301 0.001082
966 17.481938 281.720277 -3.139458 281.720277 -3.139458 2310.849301 0.001082
967 17.481862 281.709288 -3.139458 281.709288 -3.139458 2310.849301 0.001082
968 17.481787 281.698298 -3.139458 281.698298 -3.139458 2310.849301 0.001082
969 17.481711 281.687309 -3.139458 281.687309 -3.139458 2310.849301 0.001082
970 17.481635 281.676319 -3.139458 281.676319 -3.139458 2310.849301 0.001082
971 17.481559 281.665329 -3.139458 281.665329 -3.139458 2310.849301 0.001082
972 17.481483 281.654339 -3.139458 281.654339 -3.139458 2310.849301 0.001082
973 17.481407 281.643349 -3.139458 281.643349 -3.139458 2310.849301 0.001082
974 17.481331 281.632359 -3.139458 281.632359 -3.139458 2310.849301 0.001082
975 17.481255 281.621370 -3.139458 281.621370 -3.139458 2310.849301 0.001082
976 17.481179 281.610380 -3.139458 281.610380 -3.139458 2310.849301 0.001082
977 17.481103 281.599389 -3.139458 281.599389 -3.139458 2310.849301 0.001082
978 17.481027 281.588399 -3.139458 281.588399 -3.139458 2310.849301 0.001082
979 17.480951 281.577409 -3.139458 281.577409 -3.139458 2310.849301 0.001082
980 17.480875 281.566419 -3.139458 281.566419 -3.139458 2310.849301 0.001082
981 17.480799 281.555429 -3.139458 281.555429 -3.139458 2310.849301 0.001082
982 17.480723 281.544439 -3.139458 281.544439 -3.139458 2310.849301 0.001082
983 17.480647 281.533449 -3.139458 281.533449 -3.139458 2310.849301 0.001082
984 17.480570 281.522458 -3.139458 281.522458 -3.139458 2310.849301 0.001082
985 17.480494 281.511468 -3.139458 281.511468 -3.139458 2310.849301 0.001082
986 17.480418 281.500478 -3.139458 281.500478 -3.139458 2310.849301 0.001082
987 17.480341 281.489487 -3.139458 281.489487 -3.139458 2310.849301 0.001082
988 17.480265 281.478497 -3.139458 281.478497 -3.139458 2310.849301 0.001082
989 17.480188 281.467507 -3.139458 281.467507 -3.139458 2310.849301 0.001082
990 17.480112 281.456516 -3.139458 281.456516 -3.139458 2310.849301 0.001082
991 17.480036 281.445526 -3.139458 281.445526 -3.139458 2310.849301 0.001082
992 17.479959 281.434536 -3.139458 281.434536 -3.139458 2310.849301 0.001082
993 17.479882 281.423545 -3.139458 281.423545 -3.139458 2310.849301 0.001082
994 17.479806 281.412555 -3.139458 281.412555 -3.139458 2310.849301 0.001082
995 17.479729 281.401565 -3.139458 281.401565 -3.139458 2310.849301 0.001082
996 17.479653 281.390574 -3.139458 281.390574 -3.139458 2310.849301 0.001082
997 17.479576 281.379584 -3.139458 281.379584 -3.139458 2310.849301 0.001082
998 17.479499 281.368594 -3.139458 281.368594 -3.139458 2310.849301 0.001082
999 17.479423 281.357604 -3.139458 281.357604 -3.139458 2310.849301 0.001082
1000 17.479346 281.346613 -3.139458 281.346613 -3.139458 2310.849301 0.001082
