3 7.275552 23732.563235 -3.054955 23732.563235 -3.054955 65246.966691 0.074107
4 7.275552 23732.480013 -3.054955 23732.480013 -3.054955 65246.966691 0.074107
5 7.275552 23732.373012 -3.054955 23732.373012 -3.054955 65246.966691 0.074107
6 7.275552 23732.242235 -3.054955 23732.242235 -3.054955 65246.966691 0.074107
7 7.275552 23732.087680 -3.054955 23732.087680 -3.054955 65246.966691 0.074107
8 7.275552 23731.909349 -3.054955 23731.909349 -3.054955 65246.966691 0.074107
9 7.275552 23731.707242 -3.054955 23731.707242 -3.054955 65246.966691 0.074107
10 7.275552 23731.481356 -3.054955 23731.481356 -3.054955 65246.966691 0.074107
11 7.275552 23731.231689 -3.054955 23731.231689 -3.054955 65246.966691 0.074107
12 7.275552 23730.958240 -3.054955 23730.958240 -3.054955 65246.966691 0.074107
13 7.275552 23730.661002 -3.054955 23730.661002 -3.054955 65246.966691 0.074107
14 7.275552 23730.339972 -3.054955 23730.339972 -3.054955 65246.966691 0.074107
15 7.275552 23729.995143 -3.054955 23729.995143 -3.054955 65246.966691 0.074107
16 7.275552 23729.626512 -3.054955 23729.626512 -3.054955 65246.966691 0.074107
17 7.275553 23729.234074 -3.054955 23729.234074 -3.054955 65246.966691 0.074107
18 7.275553 23728.817826 -3.054955 23728.817826 -3.054955 65246.966691 0.074107
19 7.275553 23728.377768 -3.054955 23728.377768 -3.054955 65246.966691 0.074107
20 7.275553 23727.913900 -3.054955 23727.913900 -3.054955 65246.966691 0.074107
21 7.275553 23727.426227 -3.054955 23727.426227 -3.054955 65246.966691 0.074107
22 7.275554 23726.914758 -3.054955 23726.914758 -3.054955 65246.966691 0.074107
23 7.275554 23726.379507 -3.054955 23726.379507 -3.054955 65246.966691 0.074107
24 7.275554 23725.820494 -3.054955 23725.820494 -3.054955 65246.966691 0.074107
25 7.275555 23725.237749 -3.054955 23725.237749 -3.054955 65246.966691 0.074107
26 7.275555 23724.631309 -3.054955 23724.631309 -3.054955 65246.966691 0.074107
27 7.275555 23724.001223 -3.054955 23724.001223 -3.054955 65246.966691 0.074107
28 7.275556 23723.347555 -3.054955 23723.347555 -3.054955 65246.966691 0.074107
29 7.275556 23722.670378 -3.054955 23722.670378 -3.054955 65246.966691 0.074107
30 7.275557 23721.969784 -3.054955 23721.969784 -3.054955 65246.966691 0.074107
31 7.275558 23721.245878 -3.054955 23721.245878 -3.054955 65246.966691 0.074107
32 7.275558 23720.498784 -3.054955 23720.498784 -3.054955 65246.966691 0.074107
33 7.275559 23719.728640 -3.054955 23719.728640 -3.054955 65246.966691 0.074107
34 7.275559 23718.935603 -3.054955 23718.935603 -3.054955 65246.966691 0.074107
35 7.275560 23718.119849 -3.054955 23718.119849 -3.054955 65246.966691 0.074107
36 7.275560 23717.281567 -3.054955 23717.281567 -3.054955 65246.966691 0.074107
37 7.275561 23716.420968 -3.054955 23716.420968 -3.054955 65246.966691 0.074107
38 7.275562 23715.538274 -3.054955 23715.538274 -3.054955 65246.966691 0.074107
39 7.275562 23714.633727 -3.054955 23714.633727 -3.054955 65246.966691 0.074107
40 7.275563 23713.707581 -3.054955 23713.707581 -3.054955 65246.966691 0.074107
41 7.275563 23712.760105 -3.054955 23712.760105 -3.054955 65246.966691 0.074107
42 7.275563 23711.791581 -3.054955 23711.791581 -3.054955 65246.966691 0.074107
43 7.275564 23710.802302 -3.054955 23710.802302 -3.054955 65246.966691 0.074107
44 7.275564 23709.792572 -3.054955 23709.792572 -3.054955 65246.966691 0.074107
45 7.275564 23708.762706 -3.054955 23708.762706 -3.054955 65246.966691 0.074107
46 7.275564 23707.713025 -3.054955 23707.713025 -3.054955 65246.966691 0.074107
47 7.275564 23706.643859 -3.054955 23706.643859 -3.054955 65246.966691 0.074107
48 7.275563 23705.555543 -3.054955 23705.555543 -3.054955 65246.966691 0.074107
49 7.275563 23704.448419 -3.054955 23704.448419 -3.054955 65246.966691 0.074107
50 7.275562 23703.322831 -3.054955 23703.322831 -3.054955 65246.966691 0.074107
51 7.275562 23702.179128 -3.054955 23702.179128 -3.054955 65246.966691 0.074107
52 7.275561 23701.017660 -3.054955 23701.017660 -3.054955 65246.966691 0.074107
53 7.275560 23699.838778 -3.054955 23699.838778 -3.054955 65246.966691 0.074107
54 7.275558 23698.642835 -3.054955 23698.642835 -3.054955 65246.966691 0.074107
55 7.275557 23697.430183 -3.054955 23697.430183 -3.054955 65246.966691 0.074107
56 7.275555 23696.201172 -3.054955 23696.201172 -3.054955 65246.966691 0.074107
57 7.275553 23694.956151 -3.054955 23694.956151 -3.054955 65246.966691 0.074107
58 7.275551 23693.695468 -3.054955 23693.695468 -3.054955 65246.966691 0.074107
59 7.275548 23692.419467 -3.054955 23692.419467 -3.054955 65246.966691 0.074107
60 7.275546 23691.128489 -3.054955 23691.128489 -3.054955 65246.966691 0.074107
61 7.275543 23689.822870 -3.054955 23689.822870 -3.054955 65246.966691 0.074107
62 7.275539 23688.502945 -3.054955 23688.502945 -3.054955 65246.966691 0.074107
63 7.275536 23687.169041 -3.054955 23687.169041 -3.054955 65246.966691 0.074107
64 7.275532 23685.821482 -3.054955 23685.821482 -3.054955 65246.966691 0.074107
65 7.275528 23684.460589 -3.054955 23684.460589 -3.054955 65246.966691 0.074107
66 7.275523 23683.086673 -3.054955 23683.086673 -3.054955 65246.966691 0.074107
67 7.275519 23681.700043 -3.054955 23681.700043 -3.054955 65246.966691 0.074107
68 7.275513 23680.301003 -3.054955 23680.301003 -3.054955 65246.966691 0.074107
69 7.275508 23678.889848 -3.054955 23678.889848 -3.054955 65246.966691 0.074107
70 7.275502 23677.466870 -3.054955 23677.466870 -3.054955 65246.966691 0.074107
71 7.275496 23676.032354 -3.054955 23676.032354 -3.054955 65246.966691 0.074107
72 7.275490 23674.586579 -3.054955 23674.586579 -3.054955 65246.966691 0.074107
73 7.275483 23673.129819 -3.054955 23673.129819 -3.054955 65246.966691 0.074107
74 7.275476 23671.662341 -3.054955 23671.662341 -3.054955 65246.966691 0.074107
75 7.275468 23670.184407 -3.054955 23670.184407 -3.054955 65246.966691 0.074107
76 7.275461 23668.696270 -3.054955 23668.696270 -3.054955 65246.966691 0.074107
77 7.275452 23667.198182 -3.054955 23667.198182 -3.054955 65246.966691 0.074107
78 7.275444 23665.690386 -3.054955 23665.690386 -3.054955 65246.966691 0.074107
79 7.275435 23664.173118 -3.054955 23664.173118 -3.054955 65246.966691 0.074107
80 7.275426 23662.646612 -3.054955 23662.646612 -3.054955 65246.966691 0.074107
81 7.275416 23661.111094 -3.054955 23661.111094 -3.054955 65246.966691 0.074107
82 7.275406 23659.566784 -3.054955 23659.566784 -3.054955 65246.966691 0.074107
83 7.275396 23658.013897 -3.054956 23658.013897 -3.054956 65246.966691 0.074107
84 7.275385 23656.452643 -3.054956 23656.452643 -3.054956 65246.966691 0.074107
85 7.275374 23654.883226 -3.054956 23654.883226 -3.054956 65246.966691 0.074107
86 7.275363 23653.305846 -3.054956 23653.305846 -3.054956 65246.966691 0.074107
87 7.275351 23651.720697 -3.054956 23651.720697 -3.054956 65246.966691 0.074107
88 7.275339 23650.127967 -3.054956 23650.127967 -3.054956 65246.966691 0.074107
89 7.275327 23648.527841 -3.054956 23648.527841 -3.054956 65246.966691 0.074107
90 7.275314 23646.920498 -3.054956 23646.920498 -3.054956 65246.966691 0.074107
91 7.275301 23645.306112 -3.054956 23645.306112 -3.054956 65246.966691 0.074107
92 7.275287 23643.684853 -3.054956 23643.684853 -3.054956 65246.966691 0.074107
93 7.275273 23642.056888 -3.054956 23642.056888 -3.054956 65246.966691 0.074107
94 7.275259 23640.422376 -3.054956 23640.422376 -3.054956 65246.966691 0.074107
95 7.275245 23638.781475 -3.054956 23638.781475 -3.054956 65246.966691 0.074107
96 7.275230 23637.134337 -3.054956 23637.134337 -3.054956 65246.966691 0.074107
97 7.275215 23635.481112 -3.054956 23635.481112 -3.054956 65246.966691 0.074107
98 7.275199 23633.821942 -3.054956 23633.821942 -3.054956 65246.966691 0.074107
99 7.275183 23632.156971 -3.054956 23632.156971 -3.054956 65246.966691 0.074107
100 7.275167 23630.486333 -3.054956 23630.486333 -3.054956 65246.966691 0.074107
101 7.275150 23628.810164 -3.054956 23628.810164 -3.054956 65246.966691 0.074107
102 7.275134 23627.128591 -3.054956 23627.128591 -3.054956 65246.966691 0.074107
103 7.275116 23625.441743 -3.054956 23625.441743 -3.054956 65246.966691 0.074107
104 7.275099 23623.749742 -3.054956 23623.749742 -3.054956 65246.966691 0.074107
105 7.275081 23622.052707 -3.054956 23622.052707 -3.054956 65246.966691 0.074107
106 7.275063 23620.350756 -3.054956 23620.350756 -3.054956 65246.966691 0.074107
107 7.275044 23618.644002 -3.054956 23618.644002 -3.054956 65246.966691 0.074107
108 7.275025 23616.932555 -3.054957 23616.932555 -3.054957 65246.966691 0.074107
109 7.275006 23615.216522 -3.054957 23615.216522 -3.054957 65246.966691 0.074107
110 7.274987 23613.496009 -3.054957 23613.496009 -3.054957 65246.966691 0.074107
111 7.274967 23611.771118 -3.054957 23611.771118 -3.054957 65246.966691 0.074107
112 7.274947 23610.041947 -3.054957 23610.041947 -3.054957 65246.966691 0.074107
113 7.274927 23608.308594 -3.054957 23608.308594 -3.054957 65246.966691 0.074107
114 7.274906 23606.571153 -3.054957 23606.571153 -3.054957 65246.966691 0.074107
115 7.274885 23604.829715 -3.054957 23604.829715 -3.054957 65246.966691 0.074107
116 7.274864 23603.084369 -3.054957 23603.084369 -3.054957 65246.966691 0.074107
117 7.274843 23601.335204 -3.054957 23601.335204 -3.054957 65246.966691 0.074107
118 7.274821 23599.582303 -3.054957 23599.582303 -3.054957 65246.966691 0.074107
119 7.274799 23597.825749 -3.054957 23597.825749 -3.054957 65246.966691 0.074107
120 7.274777 23596.065623 -3.054957 23596.065623 -3.054957 65246.966691 0.074107
121 7.274754 23594.302002 -3.054957 23594.302002 -3.054957 65246.966691 0.074107
122 7.274731 23592.534964 -3.054957 23592.534964 -3.054957 65246.966691 0.074107
123 7.274708 23590.764584 -3.054957 23590.764584 -3.054957 65246.966691 0.074107
124 7.274685 23588.990932 -3.054957 23588.990932 -3.054957 65246.966691 0.074107
125 7.274661 23587.214081 -3.054957 23587.214081 -3.054957 65246.966691 0.074107
126 7.274638 23585.434099 -3.054958 23585.434099 -3.054958 65246.966691 0.074107
127 7.274613 23583.651053 -3.054958 23583.651053 -3.054958 65246.966691 0.074107
128 7.274589 23581.865010 -3.054958 23581.865010 -3.054958 65246.966691 0.074107
129 7.274564 23580.076032 -3.054958 23580.076032 -3.054958 65246.966691 0.074107
130 7.274540 23578.284183 -3.054958 23578.284183 -3.054958 65246.966691 0.074107
131 7.274515 23576.489523 -3.054958 23576.489523 -3.054958 65246.966691 0.074107
132 7.274489 23574.692111 -3.054958 23574.692111 -3.054958 65246.966691 0.074107
133 7.274464 23572.892005 -3.054958 23572.892005 -3.054958 65246.966691 0.074107
134 7.274438 23571.089262 -3.054958 23571.089262 -3.054958 65246.966691 0.074107
135 7.274412 23569.283937 -3.054958 23569.283937 -3.054958 65246.966691 0.074107
136 7.274386 23567.476084 -3.054958 23567.476084 -3.054958 65246.966691 0.074107
137 7.274359 23565.665754 -3.054958 23565.665754 -3.054958 65246.966691 0.074107
138 7.274332 23563.853000 -3.054958 23563.853000 -3.054958 65246.966691 0.074107
139 7.274305 23562.037870 -3.054958 23562.037870 -3.054958 65246.966691 0.074107
140 7.274278 23560.220415 -3.054959 23560.220415 -3.054959 65246.966691 0.074107
141 7.274251 23558.400681 -3.054959 23558.400681 -3.054959 65246.966691 0.074107
142 7.274223 23556.578715 -3.054959 23556.578715 -3.054959 65246.966691 0.074107
143 7.274196 23554.754562 -3.054959 23554.754562 -3.054959 65246.966691 0.074107
144 7.274168 23552.928267 -3.054959 23552.928267 -3.054959 65246.966691 0.074107
145 7.274140 23551.099873 -3.054959 23551.099873 -3.054959 65246.966691 0.074107
146 7.274111 23549.269422 -3.054959 23549.269422 -3.054959 65246.966691 0.074107
147 7.274083 23547.436956 -3.054959 23547.436956 -3.054959 65246.966691 0.074107
148 7.274054 23545.602515 -3.054959 23545.602515 -3.054959 65246.966691 0.074107
149 7.274025 23543.766138 -3.054959 23543.766138 -3.054959 65246.966691 0.074107
150 7.273996 23541.927863 -3.054959 23541.927863 -3.054959 65246.966691 0.074107
151 7.273966 23540.087730 -3.054959 23540.087730 -3.054959 65246.966691 0.074107
152 7.273937 23538.245773 -3.054959 23538.245773 -3.054959 65246.966691 0.074107
153 7.273907 23536.402030 -3.054960 23536.402030 -3.054960 65246.966691 0.074107
154 7.273877 23534.556536 -3.054960 23534.556536 -3.054960 65246.966691 0.074107
155 7.273847 23532.709324 -3.054960 23532.709324 -3.054960 65246.966691 0.074107
156 7.273817 23530.860428 -3.054960 23530.860428 -3.054960 65246.966691 0.074107
157 7.273787 23529.009882 -3.054960 23529.009882 -3.054960 65246.966691 0.074107
158 7.273756 23527.157717 -3.054960 23527.157717 -3.054960 65246.966691 0.074107
159 7.273725 23525.303965 -3.054960 23525.303965 -3.054960 65246.966691 0.074107
160 7.273695 23523.448657 -3.054960 23523.448657 -3.054960 65246.966691 0.074107
161 7.273664 23521.591823 -3.054960 23521.591823 -3.054960 65246.966691 0.074107
162 7.273632 23519.733491 -3.054960 23519.733491 -3.054960 65246.966691 0.074107
163 7.273601 23517.873691 -3.054960 23517.873691 -3.054960 65246.966691 0.074107
164 7.273569 23516.012452 -3.054960 23516.012452 -3.054960 65246.966691 0.074107
165 7.273538 23514.149800 -3.054960 23514.149800 -3.054960 65246.966691 0.074107
166 7.273506 23512.285762 -3.054961 23512.285762 -3.054961 65246.966691 0.074107
167 7.273474 23510.420366 -3.054961 23510.420366 -3.054961 65246.966691 0.074107
168 7.273442 23508.553636 -3.054961 23508.553636 -3.054961 65246.966691 0.074107
169 7.273409 23506.685599 -3.054961 23506.685599 -3.054961 65246.966691 0.074107
170 7.273377 23504.816279 -3.054961 23504.816279 -3.054961 65246.966691 0.074107
171 7.273344 23502.945699 -3.054961 23502.945699 -3.054961 65246.966691 0.074107
172 7.273312 23501.073885 -3.054961 23501.073885 -3.054961 65246.966691 0.074107
173 7.273279 23499.200859 -3.054961 23499.200859 -3.054961 65246.966691 0.074107
174 7.273246 23497.326643 -3.054961 23497.326643 -3.054961 65246.966691 0.074107
175 7.273212 23495.451262 -3.054961 23495.451262 -3.054961 65246.966691 0.074107
176 7.273179 23493.574735 -3.054961 23493.574735 -3.054961 65246.966691 0.074107
177 7.273146 23491.697085 -3.054962 23491.697085 -3.054962 65246.966691 0.074107
178 7.273112 23489.818332 -3.054962 23489.818332 -3.054962 65246.966691 0.074107
179 7.273078 23487.938498 -3.054962 23487.938498 -3.054962 65246.966691 0.074107
180 7.273045 23486.057601 -3.054962 23486.057601 -3.054962 65246.966691 0.074107
181 7.273011 23484.175663 -3.054962 23484.175663 -3.054962 65246.966691 0.074107
182 7.272977 23482.292702 -3.054962 23482.292702 -3.054962 65246.966691 0.074107
183 7.272942 23480.408738 -3.054962 23480.408738 -3.054962 65246.966691 0.074107
184 7.272908 23478.523789 -3.054962 23478.523789 -3.054962 65246.966691 0.074107
185 7.272874 23476.637872 -3.054962 23476.637872 -3.054962 65246.966691 0.074107
186 7.272839 23474.751007 -3.054962 23474.751007 -3.054962 65246.966691 0.074107
187 7.272804 23472.863210 -3.054962 23472.863210 -3.054962 65246.966691 0.074107
188 7.272770 23470.974500 -3.054963 23470.974500 -3.054963 65246.966691 0.074107
189 7.272735 23469.084892 -3.054963 23469.084892 -3.054963 65246.966691 0.074107
190 7.272700 23467.194403 -3.054963 23467.194403 -3.054963 65246.966691 0.074107
191 7.272664 23465.303049 -3.054963 23465.303049 -3.054963 65246.966691 0.074107
192 7.272629 23463.410847 -3.054963 23463.410847 -3.054963 65246.966691 0.074107
193 7.272594 23461.517812 -3.054963 23461.517812 -3.054963 65246.966691 0.074107
194 7.272558 23459.623959 -3.054963 23459.623959 -3.054963 65246.966691 0.074107
195 7.272523 23457.729303 -3.054963 23457.729303 -3.054963 65246.966691 0.074107
196 7.272487 23455.833859 -3.054963 23455.833859 -3.054963 65246.966691 0.074107
197 7.272451 23453.937642 -3.054963 23453.937642 -3.054963 65246.966691 0.074107
198 7.272415 23452.040666 -3.054963 23452.040666 -3.054963 65246.966691 0.074107
199 7.272379 23450.142944 -3.054964 23450.142944 -3.054964 65246.966691 0.074107
200 7.272343 23448.244491 -3.054964 23448.244491 -3.054964 65246.966691 0.074107
201 7.272307 23446.345320 -3.054964 23446.345320 -3.054964 65246.966691 0.074107
202 7.272271 23444.445443 -3.054964 23444.445443 -3.054964 65246.966691 0.074107
203 7.272234 23442.544875 -3.054964 23442.544875 -3.054964 65246.966691 0.074107
204 7.272198 23440.643627 -3.054964 23440.643627 -3.054964 65246.966691 0.074107
205 7.272161 23438.741712 -3.054964 23438.741712 -3.054964 65246.966691 0.074107
206 7.272124 23436.839143 -3.054964 23436.839143 -3.054964 65246.966691 0.074107
207 7.272088 23434.935931 -3.054964 23434.935931 -3.054964 65246.966691 0.074107
208 7.272051 23433.032089 -3.054964 23433.032089 -3.054964 65246.966691 0.074107
209 7.272014 23431.127627 -3.054965 23431.127627 -3.054965 65246.966691 0.074107
210 7.271977 23429.222558 -3.054965 23429.222558 -3.054965 65246.966691 0.074107
211 7.271940 23427.316893 -3.054965 23427.316893 -3.054965 65246.966691 0.074107
212 7.271902 23425.410642 -3.054965 23425.410642 -3.054965 65246.966691 0.074107
213 7.271865 23423.503817 -3.054965 23423.503817 -3.054965 65246.966691 0.074107
214 7.271828 23421.596428 -3.054965 23421.596428 -3.054965 65246.966691 0.074107
215 7.271790 23419.688486 -3.054965 23419.688486 -3.054965 65246.966691 0.074107
216 7.271752 23417.780000 -3.054965 23417.780000 -3.054965 65246.966691 0.074107
217 7.271715 23415.870981 -3.054965 23415.870981 -3.054965 65246.966691 0.074107
218 7.271677 23413.961440 -3.054965 23413.961440 -3.054965 65246.966691 0.074107
219 7.271639 23412.051385 -3.054966 23412.051385 -3.054966 65246.966691 0.074107
220 7.271601 23410.140826 -3.054966 23410.140826 -3.054966 65246.966691 0.074107
221 7.271563 23408.229774 -3.054966 23408.229774 -3.054966 65246.966691 0.074107
222 7.271525 23406.318236 -3.054966 23406.318236 -3.054966 65246.966691 0.074107
223 7.271487 23404.406222 -3.054966 23404.406222 -3.054966 65246.966691 0.074107
224 7.271449 23402.493742 -3.054966 23402.493742 -3.054966 65246.966691 0.074107
225 7.271410 23400.580804 -3.054966 23400.580804 -3.054966 65246.966691 0.074107
226 7.271372 23398.667417 -3.054966 23398.667417 -3.054966 65246.966691 0.074107
227 7.271333 23396.753588 -3.054966 23396.753588 -3.054966 65246.966691 0.074107
228 7.271295 23394.839328 -3.054966 23394.839328 -3.054966 65246.966691 0.074107
229 7.271256 23392.924643 -3.054967 23392.924643 -3.054967 65246.966691 0.074107
230 7.271218 23391.009543 -3.054967 23391.009543 -3.054967 65246.966691 0.074107
231 7.271179 23389.094035 -3.054967 23389.094035 -3.054967 65246.966691 0.074107
232 7.271140 23387.178126 -3.054967 23387.178126 -3.054967 65246.966691 0.074107
233 7.271101 23385.261826 -3.054967 23385.261826 -3.054967 65246.966691 0.074107
234 7.271062 23383.345141 -3.054967 23383.345141 -3.054967 65246.966691 0.074107
235 7.271023 23381.428079 -3.054967 23381.428079 -3.054967 65246.966691 0.074107
236 7.270984 23379.510647 -3.054967 23379.510647 -3.054967 65246.966691 0.074107
237 7.270945 23377.592853 -3.054967 23377.592853 -3.054967 65246.966691 0.074107
238 7.270905 23375.674703 -3.054968 23375.674703 -3.054968 65246.966691 0.074107
239 7.270866 23373.756205 -3.054968 23373.756205 -3.054968 65246.966691 0.074107
240 7.270827 23371.837367 -3.054968 23371.837367 -3.054968 65246.966691 0.074107
241 7.270787 23369.918193 -3.054968 23369.918193 -3.054968 65246.966691 0.074107
242 7.270748 23367.998693 -3.054968 23367.998693 -3.054968 65246.966691 0.074107
243 7.270708 23366.078871 -3.054968 23366.078871 -3.054968 65246.966691 0.074107
244 7.270668 23364.158734 -3.054968 23364.158734 -3.054968 65246.966691 0.074107
245 7.270629 23362.238290 -3.054968 23362.238290 -3.054968 65246.966691 0.074107
246 7.270589 23360.317544 -3.054968 23360.317544 -3.054968 65246.966691 0.074107
247 7.270549 23358.396503 -3.054968 23358.396503 -3.054968 65246.966691 0.074107
248 7.270509 23356.475172 -3.054969 23356.475172 -3.054969 65246.966691 0.074107
249 7.270469 23354.553558 -3.054969 23354.553558 -3.054969 65246.966691 0.074107
250 7.270429 23352.631666 -3.054969 23352.631666 -3.054969 65246.966691 0.074107
251 7.270389 23350.709504 -3.054969 23350.709504 -3.054969 65246.966691 0.074107
252 7.270349 23348.787076 -3.054969 23348.787076 -3.054969 65246.966691 0.074107
253 7.270309 23346.864388 -3.054969 23346.864388 -3.054969 65246.966691 0.074107
254 7.270268 23344.941445 -3.054969 23344.941445 -3.054969 65246.966691 0.074107
255 7.270228 23343.018254 -3.054969 23343.018254 -3.054969 65246.966691 0.074107
256 7.270188 23341.094820 -3.054969 23341.094820 -3.054969 65246.966691 0.074107
257 7.270147 23339.171148 -3.054970 23339.171148 -3.054970 65246.966691 0.074107
258 7.270107 23337.247243 -3.054970 23337.247243 -3.054970 65246.966691 0.074107
259 7.270066 23335.323111 -3.054970 23335.323111 -3.054970 65246.966691 0.074107
260 7.270025 23333.398758 -3.054970 23333.398758 -3.054970 65246.966691 0.074107
261 7.269985 23331.474187 -3.054970 23331.474187 -3.054970 65246.966691 0.074107
262 7.269944 23329.549404 -3.054970 23329.549404 -3.054970 65246.966691 0.074107
263 7.269903 23327.624413 -3.054970 23327.624413 -3.054970 65246.966691 0.074107
264 7.269862 23325.699221 -3.054970 23325.699221 -3.054970 65246.966691 0.074107
265 7.269822 23323.773832 -3.054970 23323.773832 -3.054970 65246.966691 0.074107
266 7.269781 23321.848249 -3.054971 23321.848249 -3.054971 65246.966691 0.074107
267 7.269740 23319.922479 -3.054971 23319.922479 -3.054971 65246.966691 0.074107
268 7.269699 23317.996526 -3.054971 23317.996526 -3.054971 65246.966691 0.074107
269 7.269657 23316.070394 -3.054971 23316.070394 -3.054971 65246.966691 0.074107
270 7.269616 23314.144087 -3.054971 23314.144087 -3.054971 65246.966691 0.074107
271 7.269575 23312.217611 -3.054971 23312.217611 -3.054971 65246.966691 0.074107
272 7.269534 23310.290969 -3.054971 23310.290969 -3.054971 65246.966691 0.074107
273 7.269493 23308.364166 -3.054971 23308.364166 -3.054971 65246.966691 0.074107
274 7.269451 23306.437206 -3.054971 23306.437206 -3.054971 65246.966691 0.074107
275 7.269410 23304.510094 -3.054972 23304.510094 -3.054972 65246.966691 0.074107
276 7.269368 23302.582832 -3.054972 23302.582832 -3.054972 65246.966691 0.074107
277 7.269327 23300.655427 -3.054972 23300.655427 -3.054972 65246.966691 0.074107
278 7.269285 23298.727881 -3.054972 23298.727881 -3.054972 65246.966691 0.074107
279 7.269244 23296.800198 -3.054972 23296.800198 -3.054972 65246.966691 0.074107
280 7.269202 23294.872384 -3.054972 23294.872384 -3.054972 65246.966691 0.074107
281 7.269160 23292.944440 -3.054972 23292.944440 -3.054972 65246.966691 0.074107
282 7.269119 23291.016372 -3.054972 23291.016372 -3.054972 65246.966691 0.074107
283 7.269077 23289.088182 -3.054972 23289.088182 -3.054972 65246.966691 0.074107
284 7.269035 23287.159876 -3.054973 23287.159876 -3.054973 65246.966691 0.074107
285 7.268993 23285.231455 -3.054973 23285.231455 -3.054973 65246.966691 0.074107
286 7.268951 23283.302925 -3.054973 23283.302925 -3.054973 65246.966691 0.074107
287 7.268909 23281.374288 -3.054973 23281.374288 -3.054973 65246.966691 0.074107
288 7.268867 23279.445549 -3.054973 23279.445549 -3.054973 65246.966691 0.074107
289 7.268825 23277.516710 -3.054973 23277.516710 -3.054973 65246.966691 0.074107
290 7.268783 23275.587776 -3.054973 23275.587776 -3.054973 65246.966691 0.074107
291 7.268741 23273.658749 -3.054973 23273.658749 -3.054973 65246.966691 0.074107
292 7.268699 23271.729633 -3.054973 23271.729633 -3.054973 65246.966691 0.074107
293 7.268656 23269.800431 -3.054974 23269.800431 -3.054974 65246.966691 0.074107
294 7.268614 23267.871146 -3.054974 23267.871146 -3.054974 65246.966691 0.074107
295 7.268572 23265.941783 -3.054974 23265.941783 -3.054974 65246.966691 0.074107
296 7.268529 23264.012343 -3.054974 23264.012343 -3.054974 65246.966691 0.074107
297 7.268487 23262.082831 -3.054974 23262.082831 -3.054974 65246.966691 0.074107
298 7.268444 23260.153249 -3.054974 23260.153249 -3.054974 65246.966691 0.074107
299 7.268402 23258.223601 -3.054974 23258.223601 -3.054974 65246.966691 0.074107
300 7.268359 23256.293888 -3.054974 23256.293888 -3.054974 65246.966691 0.074107
301 7.268317 23254.364116 -3.054974 23254.364116 -3.054974 65246.966691 0.074107
302 7.268274 23252.434286 -3.054975 23252.434286 -3.054975 65246.966691 0.074107
303 7.268231 23250.504401 -3.054975 23250.504401 -3.054975 65246.966691 0.074107
304 7.268189 23248.574465 -3.054975 23248.574465 -3.054975 65246.966691 0.074107
305 7.268146 23246.644480 -3.054975 23246.644480 -3.054975 65246.966691 0.074107
306 7.268103 23244.714449 -3.054975 23244.714449 -3.054975 65246.966691 0.074107
307 7.268060 23242.784374 -3.054975 23242.784374 -3.054975 65246.966691 0.074107
308 7.268017 23240.854260 -3.054975 23240.854260 -3.054975 65246.966691 0.074107
309 7.267974 23238.924108 -3.054975 23238.924108 -3.054975 65246.966691 0.074107
310 7.267931 23236.993921 -3.054976 23236.993921 -3.054976 65246.966691 0.074107
311 7.267888 23235.063702 -3.054976 23235.063702 -3.054976 65246.966691 0.074107
312 7.267845 23233.133453 -3.054976 23233.133453 -3.054976 65246.966691 0.074107
313 7.267802 23231.203178 -3.054976 23231.203178 -3.054976 65246.966691 0.074107
314 7.267759 23229.272878 -3.054976 23229.272878 -3.054976 65246.966691 0.074107
315 7.267716 23227.342556 -3.054976 23227.342556 -3.054976 65246.966691 0.074107
316 7.267673 23225.412215 -3.054976 23225.412215 -3.054976 65246.966691 0.074107
317 7.267630 23223.481858 -3.054976 23223.481858 -3.054976 65246.966691 0.074107
318 7.267586 23221.551486 -3.054976 23221.551486 -3.054976 65246.966691 0.074107
319 7.267543 23219.621103 -3.054977 23219.621103 -3.054977 65246.966691 0.074107
320 7.267500 23217.690710 -3.054977 23217.690710 -3.054977 65246.966691 0.074107
321 7.267456 23215.760310 -3.054977 23215.760310 -3.054977 65246.966691 0.074107
322 7.267413 23213.829906 -3.054977 23213.829906 -3.054977 65246.966691 0.074107
323 7.267369 23211.899499 -3.054977 23211.899499 -3.054977 65246.966691 0.074107
324 7.267326 23209.969093 -3.054977 23209.969093 -3.054977 65246.966691 0.074107
325 7.267282 23208.038689 -3.054977 23208.038689 -3.054977 65246.966691 0.074107
326 7.267239 23206.108289 -3.054977 23206.108289 -3.054977 65246.966691 0.074107
327 7.267195 23204.177897 -3.054977 23204.177897 -3.054977 65246.966691 0.074107
328 7.267151 23202.247513 -3.054978 23202.247513 -3.054978 65246.966691 0.074107
329 7.267108 23200.317141 -3.054978 23200.317141 -3.054978 65246.966691 0.074107
330 7.267064 23198.386782 -3.054978 23198.386782 -3.054978 65246.966691 0.074107
331 7.267020 23196.456439 -3.054978 23196.456439 -3.054978 65246.966691 0.074107
332 7.266976 23194.526114 -3.054978 23194.526114 -3.054978 65246.966691 0.074107
333 7.266932 23192.595808 -3.054978 23192.595808 -3.054978 65246.966691 0.074107
334 7.266888 23190.665525 -3.054978 23190.665525 -3.054978 65246.966691 0.074107
335 7.266844 23188.735265 -3.054978 23188.735265 -3.054978 65246.966691 0.074107
336 7.266800 23186.805032 -3.054979 23186.805032 -3.054979 65246.966691 0.074107
337 7.266756 23184.874826 -3.054979 23184.874826 -3.054979 65246.966691 0.074107
338 7.266712 23182.944651 -3.054979 23182.944651 -3.054979 65246.966691 0.074107
339 7.266668 23181.014507 -3.054979 23181.014507 -3.054979 65246.966691 0.074107
340 7.266624 23179.084397 -3.054979 23179.084397 -3.054979 65246.966691 0.074107
341 7.266580 23177.154324 -3.054979 23177.154324 -3.054979 65246.966691 0.074107
342 7.266536 23175.224288 -3.054979 23175.224288 -3.054979 65246.966691 0.074107
343 7.266492 23173.294292 -3.054979 23173.294292 -3.054979 65246.966691 0.074107
344 7.266447 23171.364337 -3.054979 23171.364337 -3.054979 65246.966691 0.074107
345 7.266403 23169.434426 -3.054980 23169.434426 -3.054980 65246.966691 0.074107
346 7.266359 23167.504559 -3.054980 23167.504559 -3.054980 65246.966691 0.074107
347 7.266314 23165.574740 -3.054980 23165.574740 -3.054980 65246.966691 0.074107
348 7.266270 23163.644970 -3.054980 23163.644970 -3.054980 65246.966691 0.074107
349 7.266225 23161.715251 -3.054980 23161.715251 -3.054980 65246.966691 0.074107
350 7.266181 23159.785583 -3.054980 23159.785583 -3.054980 65246.966691 0.074107
351 7.266136 23157.855970 -3.054980 23157.855970 -3.054980 65246.966691 0.074107
352 7.266092 23155.926413 -3.054980 23155.926413 -3.054980 65246.966691 0.074107
353 7.266047 23153.996913 -3.054981 23153.996913 -3.054981 65246.966691 0.074107
354 7.266003 23152.067473 -3.054981 23152.067473 -3.054981 65246.966691 0.074107
355 7.265958 23150.138093 -3.054981 23150.138093 -3.054981 65246.966691 0.074107
356 7.265913 23148.208776 -3.054981 23148.208776 -3.054981 65246.966691 0.074107
357 7.265869 23146.279523 -3.054981 23146.279523 -3.054981 65246.966691 0.074107
358 7.265824 23144.350336 -3.054981 23144.350336 -3.054981 65246.966691 0.074107
359 7.265779 23142.421216 -3.054981 23142.421216 -3.054981 65246.966691 0.074107
360 7.265734 23140.492166 -3.054981 23140.492166 -3.054981 65246.966691 0.074107
361 7.265689 23138.563186 -3.054982 23138.563186 -3.054982 65246.966691 0.074107
362 7.265644 23136.634278 -3.054982 23136.634278 -3.054982 65246.966691 0.074107
363 7.265599 23134.705444 -3.054982 23134.705444 -3.054982 65246.966691 0.074107
364 7.265554 23132.776685 -3.054982 23132.776685 -3.054982 65246.966691 0.074107
365 7.265509 23130.848002 -3.054982 23130.848002 -3.054982 65246.966691 0.074107
366 7.265464 23128.919398 -3.054982 23128.919398 -3.054982 65246.966691 0.074107
367 7.265419 23126.990874 -3.054982 23126.990874 -3.054982 65246.966691 0.074107
368 7.265374 23125.062431 -3.054982 23125.062431 -3.054982 65246.966691 0.074107
369 7.265329 23123.134070 -3.054982 23123.134070 -3.054982 65246.966691 0.074107
370 7.265284 23121.205794 -3.054983 23121.205794 -3.054983 65246.966691 0.074107
371 7.265239 23119.277603 -3.054983 23119.277603 -3.054983 65246.966691 0.074107
372 7.265193 23117.349499 -3.054983 23117.349499 -3.054983 65246.966691 0.074107
373 7.265148 23115.421483 -3.054983 23115.421483 -3.054983 65246.966691 0.074107
374 7.265103 23113.493557 -3.054983 23113.493557 -3.054983 65246.966691 0.074107
375 7.265057 23111.565722 -3.054983 23111.565722 -3.054983 65246.966691 0.074107
376 7.265012 23109.637979 -3.054983 23109.637979 -3.054983 65246.966691 0.074107
377 7.264967 23107.710330 -3.054983 23107.710330 -3.054983 65246.966691 0.074107
378 7.264921 23105.782777 -3.054984 23105.782777 -3.054984 65246.966691 0.074107
379 7.264876 23103.855319 -3.054984 23103.855319 -3.054984 65246.966691 0.074107
380 7.264830 23101.927960 -3.054984 23101.927960 -3.054984 65246.966691 0.074107
381 7.264785 23100.000699 -3.054984 23100.000699 -3.054984 65246.966691 0.074107
382 7.264739 23098.073539 -3.054984 23098.073539 -3.054984 65246.966691 0.074107
383 7.264693 23096.146480 -3.054984 23096.146480 -3.054984 65246.966691 0.074107
384 7.264648 23094.219524 -3.054984 23094.219524 -3.054984 65246.966691 0.074107
385 7.264602 23092.292673 -3.054984 23092.292673 -3.054984 65246.966691 0.074107
386 7.264556 23090.365926 -3.054985 23090.365926 -3.054985 65246.966691 0.074107
387 7.264511 23088.439286 -3.054985 23088.439286 -3.054985 65246.966691 0.074107
388 7.264465 23086.512754 -3.054985 23086.512754 -3.054985 65246.966691 0.074107
389 7.264419 23084.586331 -3.054985 23084.586331 -3.054985 65246.966691 0.074107
390 7.264373 23082.660018 -3.054985 23082.660018 -3.054985 65246.966691 0.074107
391 7.264327 23080.733817 -3.054985 23080.733817 -3.054985 65246.966691 0.074107
392 7.264281 23078.807727 -3.054985 23078.807727 -3.054985 65246.966691 0.074107
393 7.264235 23076.881752 -3.054985 23076.881752 -3.054985 65246.966691 0.074107
394 7.264189 23074.955891 -3.054986 23074.955891 -3.054986 65246.966691 0.074107
395 7.264143 23073.030146 -3.054986 23073.030146 -3.054986 65246.966691 0.074107
396 7.264097 23071.104519 -3.054986 23071.104519 -3.054986 65246.966691 0.074107
397 7.264051 23069.179009 -3.054986 23069.179009 -3.054986 65246.966691 0.074107
398 7.264005 23067.253619 -3.054986 23067.253619 -3.054986 65246.966691 0.074107
399 7.263959 23065.328349 -3.054986 23065.328349 -3.054986 65246.966691 0.074107
400 7.263913 23063.403201 -3.054986 23063.403201 -3.054986 65246.966691 0.074107
401 7.263866 23061.478175 -3.054986 23061.478175 -3.054986 65246.966691 0.074107
402 7.263820 23059.553272 -3.054987 23059.553272 -3.054987 65246.966691 0.074107
403 7.263774 23057.628495 -3.054987 23057.628495 -3.054987 65246.966691 0.074107
404 7.263727 23055.703843 -3.054987 23055.703843 -3.054987 65246.966691 0.074107
405 7.263681 23053.779318 -3.054987 23053.779318 -3.054987 65246.966691 0.074107
406 7.263635 23051.854920 -3.054987 23051.854920 -3.054987 65246.966691 0.074107
407 7.263588 23049.930651 -3.054987 23049.930651 -3.054987 65246.966691 0.074107
408 7.263542 23048.006512 -3.054987 23048.006512 -3.054987 65246.966691 0.074107
409 7.263495 23046.082504 -3.054987 23046.082504 -3.054987 65246.966691 0.074107
410 7.263449 23044.158628 -3.054988 23044.158628 -3.054988 65246.966691 0.074107
411 7.263402 23042.234884 -3.054988 23042.234884 -3.054988 65246.966691 0.074107
412 7.263356 23040.311274 -3.054988 23040.311274 -3.054988 65246.966691 0.074107
413 7.263309 23038.387799 -3.054988 23038.387799 -3.054988 65246.966691 0.074107
414 7.263262 23036.464460 -3.054988 23036.464460 -3.054988 65246.966691 0.074107
415 7.263216 23034.541256 -3.054988 23034.541256 -3.054988 65246.966691 0.074107
416 7.263169 23032.618191 -3.054988 23032.618191 -3.054988 65246.966691 0.074107
417 7.263122 23030.695264 -3.054988 23030.695264 -3.054988 65246.966691 0.074107
418 7.263075 23028.772476 -3.054989 23028.772476 -3.054989 65246.966691 0.074107
419 7.263029 23026.849829 -3.054989 23026.849829 -3.054989 65246.966691 0.074107
420 7.262982 23024.927322 -3.054989 23024.927322 -3.054989 65246.966691 0.074107
421 7.262935 23023.004958 -3.054989 23023.004958 -3.054989 65246.966691 0.074107
422 7.262888 23021.082737 -3.054989 23021.082737 -3.054989 65246.966691 0.074107
423 7.262841 23019.160660 -3.054989 23019.160660 -3.054989 65246.966691 0.074107
424 7.262794 23017.238727 -3.054989 23017.238727 -3.054989 65246.966691 0.074107
425 7.262747 23015.316940 -3.054989 23015.316940 -3.054989 65246.966691 0.074107
426 7.262700 23013.395299 -3.054990 23013.395299 -3.054990 65246.966691 0.074107
427 7.262653 23011.473806 -3.054990 23011.473806 -3.054990 65246.966691 0.074107
428 7.262606 23009.552460 -3.054990 23009.552460 -3.054990 65246.966691 0.074107
429 7.262558 23007.631264 -3.054990 23007.631264 -3.054990 65246.966691 0.074107
430 7.262511 23005.710217 -3.054990 23005.710217 -3.054990 65246.966691 0.074107
431 7.262464 23003.789321 -3.054990 23003.789321 -3.054990 65246.966691 0.074107
432 7.262417 23001.868577 -3.054990 23001.868577 -3.054990 65246.966691 0.074107
433 7.262369 22999.947984 -3.054990 22999.947984 -3.054990 65246.966691 0.074107
434 7.262322 22998.027545 -3.054991 22998.027545 -3.054991 65246.966691 0.074107
435 7.262275 22996.107259 -3.054991 22996.107259 -3.054991 65246.966691 0.074107
436 7.262227 22994.187128 -3.054991 22994.187128 -3.054991 65246.966691 0.074107
437 7.262180 22992.267152 -3.054991 22992.267152 -3.054991 65246.966691 0.074107
438 7.262133 22990.347333 -3.054991 22990.347333 -3.054991 65246.966691 0.074107
439 7.262085 22988.427670 -3.054991 22988.427670 -3.054991 65246.966691 0.074107
440 7.262038 22986.508165 -3.054991 22986.508165 -3.054991 65246.966691 0.074107
441 7.261990 22984.588818 -3.054991 22984.588818 -3.054991 65246.966691 0.074107
442 7.261942 22982.669631 -3.054992 22982.669631 -3.054992 65246.966691 0.074107
443 7.261895 22980.750603 -3.054992 22980.750603 -3.054992 65246.966691 0.074107
444 7.261847 22978.831736 -3.054992 22978.831736 -3.054992 65246.966691 0.074107
445 7.261800 22976.913030 -3.054992 22976.913030 -3.054992 65246.966691 0.074107
446 7.261752 22974.994486 -3.054992 22974.994486 -3.054992 65246.966691 0.074107
447 7.261704 22973.076105 -3.054992 22973.076105 -3.054992 65246.966691 0.074107
448 7.261656 22971.157887 -3.054992 22971.157887 -3.054992 65246.966691 0.074107
449 7.261608 22969.239834 -3.054992 22969.239834 -3.054992 65246.966691 0.074107
450 7.261561 22967.321945 -3.054993 22967.321945 -3.054993 65246.966691 0.074107
451 7.261513 22965.404222 -3.054993 22965.404222 -3.054993 65246.966691 0.074107
452 7.261465 22963.486665 -3.054993 22963.486665 -3.054993 65246.966691 0.074107
453 7.261417 22961.569274 -3.054993 22961.569274 -3.054993 65246.966691 0.074107
454 7.261369 22959.652052 -3.054993 22959.652052 -3.054993 65246.966691 0.074107
455 7.261321 22957.734997 -3.054993 22957.734997 -3.054993 65246.966691 0.074107
456 7.261273 22955.818112 -3.054993 22955.818112 -3.054993 65246.966691 0.074107
457 7.261225 22953.901396 -3.054993 22953.901396 -3.054993 65246.966691 0.074107
458 7.261177 22951.984849 -3.054994 22951.984849 -3.054994 65246.966691 0.074107
459 7.261129 22950.068474 -3.054994 22950.068474 -3.054994 65246.966691 0.074107
460 7.261080 22948.152270 -3.054994 22948.152270 -3.054994 65246.966691 0.074107
461 7.261032 22946.236238 -3.054994 22946.236238 -3.054994 65246.966691 0.074107
462 7.260984 22944.320379 -3.054994 22944.320379 -3.054994 65246.966691 0.074107
463 7.260936 22942.404693 -3.054994 22942.404693 -3.054994 65246.966691 0.074107
464 7.260887 22940.489181 -3.054994 22940.489181 -3.054994 65246.966691 0.074107
465 7.260839 22938.573844 -3.054994 22938.573844 -3.054994 65246.966691 0.074107
466 7.260791 22936.658681 -3.054995 22936.658681 -3.054995 65246.966691 0.074107
467 7.260742 22934.743694 -3.054995 22934.743694 -3.054995 65246.966691 0.074107
468 7.260694 22932.828884 -3.054995 22932.828884 -3.054995 65246.966691 0.074107
469 7.260646 22930.914250 -3.054995 22930.914250 -3.054995 65246.966691 0.074107
470 7.260597 22928.999793 -3.054995 22928.999793 -3.054995 65246.966691 0.074107
471 7.260549 22927.085515 -3.054995 22927.085515 -3.054995 65246.966691 0.074107
472 7.260500 22925.171415 -3.054995 22925.171415 -3.054995 65246.966691 0.074107
473 7.260451 22923.257495 -3.054996 22923.257495 -3.054996 65246.966691 0.074107
474 7.260403 22921.343754 -3.054996 22921.343754 -3.054996 65246.966691 0.074107
475 7.260354 22919.430193 -3.054996 22919.430193 -3.054996 65246.966691 0.074107
476 7.260305 22917.516813 -3.054996 22917.516813 -3.054996 65246.966691 0.074107
477 7.260257 22915.603614 -3.054996 22915.603614 -3.054996 65246.966691 0.074107
478 7.260208 22913.690597 -3.054996 22913.690597 -3.054996 65246.966691 0.074107
479 7.260159 22911.777763 -3.054996 22911.777763 -3.054996 65246.966691 0.074107
480 7.260110 22909.865111 -3.054996 22909.865111 -3.054996 65246.966691 0.074107
481 7.260062 22907.952643 -3.054997 22907.952643 -3.054997 65246.966691 0.074107
482 7.260013 22906.040359 -3.054997 22906.040359 -3.054997 65246.966691 0.074107
483 7.259964 22904.128260 -3.054997 22904.128260 -3.054997 65246.966691 0.074107
484 7.259915 22902.216345 -3.054997 22902.216345 -3.054997 65246.966691 0.074107
485 7.259866 22900.304616 -3.054997 22900.304616 -3.054997 65246.966691 0.074107
486 7.259817 22898.393073 -3.054997 22898.393073 -3.054997 65246.966691 0.074107
487 7.259768 22896.481717 -3.054997 22896.481717 -3.054997 65246.966691 0.074107
488 7.259719 22894.570547 -3.054997 22894.570547 -3.054997 65246.966691 0.074107
489 7.259670 22892.659565 -3.054998 22892.659565 -3.054998 65246.966691 0.074107
490 7.259621 22890.748771 -3.054998 22890.748771 -3.054998 65246.966691 0.074107
491 7.259571 22888.838165 -3.054998 22888.838165 -3.054998 65246.966691 0.074107
492 7.259522 22886.927748 -3.054998 22886.927748 -3.054998 65246.966691 0.074107
493 7.259473 22885.017521 -3.054998 22885.017521 -3.054998 65246.966691 0.074107
494 7.259424 22883.107483 -3.054998 22883.107483 -3.054998 65246.966691 0.074107
495 7.259375 22881.197636 -3.054998 22881.197636 -3.054998 65246.966691 0.074107
496 7.259325 22879.287980 -3.054999 22879.287980 -3.054999 65246.966691 0.074107
497 7.259276 22877.378515 -3.054999 22877.378515 -3.054999 65246.966691 0.074107
498 7.259226 22875.469241 -3.054999 22875.469241 -3.054999 65246.966691 0.074107
499 7.259177 22873.560160 -3.054999 22873.560160 -3.054999 65246.966691 0.074107
500 7.259128 22871.651271 -3.054999 22871.651271 -3.054999 65246.966691 0.074107
501 7.259078 22869.742576 -3.054999 22869.742576 -3.054999 65246.966691 0.074107
502 7.259029 22867.834073 -3.054999 22867.834073 -3.054999 65246.966691 0.074107
503 7.258979 22865.925765 -3.054999 22865.925765 -3.054999 65246.966691 0.074107
504 7.258930 22864.017651 -3.055000 22864.017651 -3.055000 65246.966691 0.074107
505 7.258880 22862.109731 -3.055000 22862.109731 -3.055000 65246.966691 0.074107
506 7.258830 22860.202007 -3.055000 22860.202007 -3.055000 65246.966691 0.074107
507 7.258781 22858.294479 -3.055000 22858.294479 -3.055000 65246.966691 0.074107
508 7.258731 22856.387146 -3.055000 22856.387146 -3.055000 65246.966691 0.074107
509 7.258681 22854.480010 -3.055000 22854.480010 -3.055000 65246.966691 0.074107
510 7.258631 22852.573070 -3.055000 22852.573070 -3.055000 65246.966691 0.074107
511 7.258582 22850.666328 -3.055001 22850.666328 -3.055001 65246.966691 0.074107
512 7.258532 22848.759784 -3.055001 22848.759784 -3.055001 65246.966691 0.074107
513 7.258482 22846.853437 -3.055001 22846.853437 -3.055001 65246.966691 0.074107
514 7.258432 22844.947289 -3.055001 22844.947289 -3.055001 65246.966691 0.074107
515 7.258382 22843.041339 -3.055001 22843.041339 -3.055001 65246.966691 0.074107
516 7.258332 22841.135589 -3.055001 22841.135589 -3.055001 65246.966691 0.074107
517 7.258282 22839.230038 -3.055001 22839.230038 -3.055001 65246.966691 0.074107
518 7.258232 22837.324687 -3.055001 22837.324687 -3.055001 65246.966691 0.074107
519 7.258182 22835.419536 -3.055002 22835.419536 -3.055002 65246.966691 0.074107
520 7.258132 22833.514586 -3.055002 22833.514586 -3.055002 65246.966691 0.074107
521 7.258082 22831.609837 -3.055002 22831.609837 -3.055002 65246.966691 0.074107
522 7.258032 22829.705290 -3.055002 22829.705290 -3.055002 65246.966691 0.074107
523 7.257982 22827.800944 -3.055002 22827.800944 -3.055002 65246.966691 0.074107
524 7.257932 22825.896800 -3.055002 22825.896800 -3.055002 65246.966691 0.074107
525 7.257881 22823.992859 -3.055002 22823.992859 -3.055002 65246.966691 0.074107
526 7.257831 22822.089120 -3.055003 22822.089120 -3.055003 65246.966691 0.074107
527 7.257781 22820.185585 -3.055003 22820.185585 -3.055003 65246.966691 0.074107
528 7.257730 22818.282253 -3.055003 22818.282253 -3.055003 65246.966691 0.074107
529 7.257680 22816.379125 -3.055003 22816.379125 -3.055003 65246.966691 0.074107
530 7.257630 22814.476201 -3.055003 22814.476201 -3.055003 65246.966691 0.074107
531 7.257579 22812.573482 -3.055003 22812.573482 -3.055003 65246.966691 0.074107
532 7.257529 22810.670967 -3.055003 22810.670967 -3.055003 65246.966691 0.074107
533 7.257478 22808.768658 -3.055003 22808.768658 -3.055003 65246.966691 0.074107
534 7.257428 22806.866554 -3.055004 22806.866554 -3.055004 65246.966691 0.074107
535 7.257377 22804.964656 -3.055004 22804.964656 -3.055004 65246.966691 0.074107
536 7.257327 22803.062964 -3.055004 22803.062964 -3.055004 65246.966691 0.074107
537 7.257276 22801.161479 -3.055004 22801.161479 -3.055004 65246.966691 0.074107
538 7.257226 22799.260200 -3.055004 22799.260200 -3.055004 65246.966691 0.074107
539 7.257175 22797.359128 -3.055004 22797.359128 -3.055004 65246.966691 0.074107
540 7.257124 22795.458264 -3.055004 22795.458264 -3.055004 65246.966691 0.074107
541 7.257073 22793.557607 -3.055005 22793.557607 -3.055005 65246.966691 0.074107
542 7.257023 22791.657159 -3.055005 22791.657159 -3.055005 65246.966691 0.074107
543 7.256972 22789.756918 -3.055005 22789.756918 -3.055005 65246.966691 0.074107
544 7.256921 22787.856887 -3.055005 22787.856887 -3.055005 65246.966691 0.074107
545 7.256870 22785.957064 -3.055005 22785.957064 -3.055005 65246.966691 0.074107
546 7.256819 22784.057450 -3.055005 22784.057450 -3.055005 65246.966691 0.074107
547 7.256768 22782.158046 -3.055005 22782.158046 -3.055005 65246.966691 0.074107
548 7.256718 22780.258851 -3.055006 22780.258851 -3.055006 65246.966691 0.074107
549 7.256667 22778.359867 -3.055006 22778.359867 -3.055006 65246.966691 0.074107
550 7.256616 22776.461093 -3.055006 22776.461093 -3.055006 65246.966691 0.074107
551 7.256565 22774.562529 -3.055006 22774.562529 -3.055006 65246.966691 0.074107
552 7.256513 22772.664177 -3.055006 22772.664177 -3.055006 65246.966691 0.074107
553 7.256462 22770.766035 -3.055006 22770.766035 -3.055006 65246.966691 0.074107
554 7.256411 22768.868105 -3.055006 22768.868105 -3.055006 65246.966691 0.074107
555 7.256360 22766.970386 -3.055006 22766.970386 -3.055006 65246.966691 0.074107
556 7.256309 22765.072880 -3.055007 22765.072880 -3.055007 65246.966691 0.074107
557 7.256258 22763.175585 -3.055007 22763.175585 -3.055007 65246.966691 0.074107
558 7.256206 22761.278504 -3.055007 22761.278504 -3.055007 65246.966691 0.074107
559 7.256155 22759.381634 -3.055007 22759.381634 -3.055007 65246.966691 0.074107
560 7.256104 22757.484978 -3.055007 22757.484978 -3.055007 65246.966691 0.074107
561 7.256053 22755.588535 -3.055007 22755.588535 -3.055007 65246.966691 0.074107
562 7.256001 22753.692306 -3.055007 22753.692306 -3.055007 65246.966691 0.074107
563 7.255950 22751.796290 -3.055008 22751.796290 -3.055008 65246.966691 0.074107
564 7.255898 22749.900488 -3.055008 22749.900488 -3.055008 65246.966691 0.074107
565 7.255847 22748.004901 -3.055008 22748.004901 -3.055008 65246.966691 0.074107
566 7.255795 22746.109527 -3.055008 22746.109527 -3.055008 65246.966691 0.074107
567 7.255744 22744.214369 -3.055008 22744.214369 -3.055008 65246.966691 0.074107
568 7.255692 22742.319425 -3.055008 22742.319425 -3.055008 65246.966691 0.074107
569 7.255641 22740.424697 -3.055008 22740.424697 -3.055008 65246.966691 0.074107
570 7.255589 22738.530184 -3.055009 22738.530184 -3.055009 65246.966691 0.074107
571 7.255538 22736.635887 -3.055009 22736.635887 -3.055009 65246.966691 0.074107
572 7.255486 22734.741805 -3.055009 22734.741805 -3.055009 65246.966691 0.074107
573 7.255434 22732.847940 -3.055009 22732.847940 -3.055009 65246.966691 0.074107
574 7.255382 22730.954291 -3.055009 22730.954291 -3.055009 65246.966691 0.074107
575 7.255331 22729.060858 -3.055009 22729.060858 -3.055009 65246.966691 0.074107
576 7.255279 22727.167642 -3.055009 22727.167642 -3.055009 65246.966691 0.074107
577 7.255227 22725.274643 -3.055010 22725.274643 -3.055010 65246.966691 0.074107
578 7.255175 22723.381862 -3.055010 22723.381862 -3.055010 65246.966691 0.074107
579 7.255123 22721.489297 -3.055010 22721.489297 -3.055010 65246.966691 0.074107
580 7.255072 22719.596951 -3.055010 22719.596951 -3.055010 65246.966691 0.074107
581 7.255020 22717.704822 -3.055010 22717.704822 -3.055010 65246.966691 0.074107
582 7.254968 22715.812911 -3.055010 22715.812911 -3.055010 65246.966691 0.074107
583 7.254916 22713.921218 -3.055010 22713.921218 -3.055010 65246.966691 0.074107
584 7.254864 22712.029744 -3.055010 22712.029744 -3.055010 65246.966691 0.074107
585 7.254812 22710.138488 -3.055011 22710.138488 -3.055011 65246.966691 0.074107
586 7.254759 22708.247451 -3.055011 22708.247451 -3.055011 65246.966691 0.074107
587 7.254707 22706.356633 -3.055011 22706.356633 -3.055011 65246.966691 0.074107
588 7.254655 22704.466035 -3.055011 22704.466035 -3.055011 65246.966691 0.074107
589 7.254603 22702.575656 -3.055011 22702.575656 -3.055011 65246.966691 0.074107
590 7.254551 22700.685496 -3.055011 22700.685496 -3.055011 65246.966691 0.074107
591 7.254499 22698.795556 -3.055011 22698.795556 -3.055011 65246.966691 0.074107
592 7.254446 22696.905836 -3.055012 22696.905836 -3.055012 65246.966691 0.074107
593 7.254394 22695.016336 -3.055012 22695.016336 -3.055012 65246.966691 0.074107
594 7.254342 22693.127057 -3.055012 22693.127057 -3.055012 65246.966691 0.074107
595 7.254289 22691.237998 -3.055012 22691.237998 -3.055012 65246.966691 0.074107
596 7.254237 22689.349160 -3.055012 22689.349160 -3.055012 65246.966691 0.074107
597 7.254185 22687.460542 -3.055012 22687.460542 -3.055012 65246.966691 0.074107
598 7.254132 22685.572146 -3.055012 22685.572146 -3.055012 65246.966691 0.074107
599 7.254080 22683.683971 -3.055013 22683.683971 -3.055013 65246.966691 0.074107
600 7.254027 22681.796017 -3.055013 22681.796017 -3.055013 65246.966691 0.074107
601 7.253975 22679.908285 -3.055013 22679.908285 -3.055013 65246.966691 0.074107
602 7.253922 22678.020775 -3.055013 22678.020775 -3.055013 65246.966691 0.074107
603 7.253870 22676.133486 -3.055013 22676.133486 -3.055013 65246.966691 0.074107
604 7.253817 22674.246420 -3.055013 22674.246420 -3.055013 65246.966691 0.074107
605 7.253764 22672.359575 -3.055013 22672.359575 -3.055013 65246.966691 0.074107
606 7.253712 22670.472954 -3.055014 22670.472954 -3.055014 65246.966691 0.074107
607 7.253659 22668.586554 -3.055014 22668.586554 -3.055014 65246.966691 0.074107
608 7.253606 22666.700378 -3.055014 22666.700378 -3.055014 65246.966691 0.074107
609 7.253554 22664.814424 -3.055014 22664.814424 -3.055014 65246.966691 0.074107
610 7.253501 22662.928693 -3.055014 22662.928693 -3.055014 65246.966691 0.074107
611 7.253448 22661.043186 -3.055014 22661.043186 -3.055014 65246.966691 0.074107
612 7.253395 22659.157902 -3.055014 22659.157902 -3.055014 65246.966691 0.074107
613 7.253342 22657.272841 -3.055015 22657.272841 -3.055015 65246.966691 0.074107
614 7.253289 22655.388004 -3.055015 22655.388004 -3.055015 65246.966691 0.074107
615 7.253237 22653.503390 -3.055015 22653.503390 -3.055015 65246.966691 0.074107
616 7.253184 22651.619001 -3.055015 22651.619001 -3.055015 65246.966691 0.074107
617 7.253131 22649.734835 -3.055015 22649.734835 -3.055015 65246.966691 0.074107
618 7.253078 22647.850894 -3.055015 22647.850894 -3.055015 65246.966691 0.074107
619 7.253025 22645.967177 -3.055015 22645.967177 -3.055015 65246.966691 0.074107
620 7.252972 22644.083685 -3.055016 22644.083685 -3.055016 65246.966691 0.074107
621 7.252918 22642.200417 -3.055016 22642.200417 -3.055016 65246.966691 0.074107
622 7.252865 22640.317374 -3.055016 22640.317374 -3.055016 65246.966691 0.074107
623 7.252812 22638.434556 -3.055016 22638.434556 -3.055016 65246.966691 0.074107
624 7.252759 22636.551963 -3.055016 22636.551963 -3.055016 65246.966691 0.074107
625 7.252706 22634.669595 -3.055016 22634.669595 -3.055016 65246.966691 0.074107
626 7.252653 22632.787453 -3.055016 22632.787453 -3.055016 65246.966691 0.074107
627 7.252599 22630.905535 -3.055017 22630.905535 -3.055017 65246.966691 0.074107
628 7.252546 22629.023844 -3.055017 22629.023844 -3.055017 65246.966691 0.074107
629 7.252493 22627.142378 -3.055017 22627.142378 -3.055017 65246.966691 0.074107
630 7.252439 22625.261138 -3.055017 22625.261138 -3.055017 65246.966691 0.074107
631 7.252386 22623.380123 -3.055017 22623.380123 -3.055017 65246.966691 0.074107
632 7.252333 22621.499335 -3.055017 22621.499335 -3.055017 65246.966691 0.074107
633 7.252279 22619.618773 -3.055017 22619.618773 -3.055017 65246.966691 0.074107
634 7.252226 22617.738437 -3.055018 22617.738437 -3.055018 65246.966691 0.074107
635 7.252172 22615.858328 -3.055018 22615.858328 -3.055018 65246.966691 0.074107
636 7.252119 22613.978445 -3.055018 22613.978445 -3.055018 65246.966691 0.074107
637 7.252065 22612.098789 -3.055018 22612.098789 -3.055018 65246.966691 0.074107
638 7.252012 22610.219359 -3.055018 22610.219359 -3.055018 65246.966691 0.074107
639 7.251958 22608.340157 -3.055018 22608.340157 -3.055018 65246.966691 0.074107
640 7.251904 22606.461181 -3.055018 22606.461181 -3.055018 65246.966691 0.074107
641 7.251851 22604.582432 -3.055019 22604.582432 -3.055019 65246.966691 0.074107
642 7.251797 22602.703911 -3.055019 22602.703911 -3.055019 65246.966691 0.074107
643 7.251743 22600.825617 -3.055019 22600.825617 -3.055019 65246.966691 0.074107
644 7.251690 22598.947550 -3.055019 22598.947550 -3.055019 65246.966691 0.074107
645 7.251636 22597.069711 -3.055019 22597.069711 -3.055019 65246.966691 0.074107
646 7.251582 22595.192099 -3.055019 22595.192099 -3.055019 65246.966691 0.074107
647 7.251528 22593.314715 -3.055019 22593.314715 -3.055019 65246.966691 0.074107
648 7.251475 22591.437559 -3.055020 22591.437559 -3.055020 65246.966691 0.074107
649 7.251421 22589.560631 -3.055020 22589.560631 -3.055020 65246.966691 0.074107
650 7.251367 22587.683931 -3.055020 22587.683931 -3.055020 65246.966691 0.074107
651 7.251313 22585.807459 -3.055020 22585.807459 -3.055020 65246.966691 0.074107
652 7.251259 22583.931215 -3.055020 22583.931215 -3.055020 65246.966691 0.074107
653 7.251205 22582.055200 -3.055020 22582.055200 -3.055020 65246.966691 0.074107
654 7.251151 22580.179413 -3.055020 22580.179413 -3.055020 65246.966691 0.074107
655 7.251097 22578.303854 -3.055021 22578.303854 -3.055021 65246.966691 0.074107
656 7.251043 22576.428524 -3.055021 22576.428524 -3.055021 65246.966691 0.074107
657 7.250989 22574.553423 -3.055021 22574.553423 -3.055021 65246.966691 0.074107
658 7.250935 22572.678550 -3.055021 22572.678550 -3.055021 65246.966691 0.074107
659 7.250881 22570.803907 -3.055021 22570.803907 -3.055021 65246.966691 0.074107
660 7.250826 22568.929492 -3.055021 22568.929492 -3.055021 65246.966691 0.074107
661 7.250772 22567.055306 -3.055021 22567.055306 -3.055021 65246.966691 0.074107
662 7.250718 22565.181349 -3.055022 22565.181349 -3.055022 65246.966691 0.074107
663 7.250664 22563.307622 -3.055022 22563.307622 -3.055022 65246.966691 0.074107
664 7.250610 22561.434124 -3.055022 22561.434124 -3.055022 65246.966691 0.074107
665 7.250555 22559.560855 -3.055022 22559.560855 -3.055022 65246.966691 0.074107
666 7.250501 22557.687816 -3.055022 22557.687816 -3.055022 65246.966691 0.074107
667 7.250447 22555.815006 -3.055022 22555.815006 -3.055022 65246.966691 0.074107
668 7.250392 22553.942426 -3.055022 22553.942426 -3.055022 65246.966691 0.074107
669 7.250338 22552.070075 -3.055023 22552.070075 -3.055023 65246.966691 0.074107
670 7.250283 22550.197955 -3.055023 22550.197955 -3.055023 65246.966691 0.074107
671 7.250229 22548.326064 -3.055023 22548.326064 -3.055023 65246.966691 0.074107
672 7.250174 22546.454403 -3.055023 22546.454403 -3.055023 65246.966691 0.074107
673 7.250120 22544.582972 -3.055023 22544.582972 -3.055023 65246.966691 0.074107
674 7.250065 22542.711771 -3.055023 22542.711771 -3.055023 65246.966691 0.074107
675 7.250011 22540.840800 -3.055023 22540.840800 -3.055023 65246.966691 0.074107
676 7.249956 22538.970059 -3.055024 22538.970059 -3.055024 65246.966691 0.074107
677 7.249902 22537.099549 -3.055024 22537.099549 -3.055024 65246.966691 0.074107
678 7.249847 22535.229269 -3.055024 22535.229269 -3.055024 65246.966691 0.074107
679 7.249792 22533.359219 -3.055024 22533.359219 -3.055024 65246.966691 0.074107
680 7.249738 22531.489400 -3.055024 22531.489400 -3.055024 65246.966691 0.074107
681 7.249683 22529.619812 -3.055024 22529.619812 -3.055024 65246.966691 0.074107
682 7.249628 22527.750454 -3.055025 22527.750454 -3.055025 65246.966691 0.074107
683 7.249573 22525.881326 -3.055025 22525.881326 -3.055025 65246.966691 0.074107
684 7.249519 22524.012430 -3.055025 22524.012430 -3.055025 65246.966691 0.074107
685 7.249464 22522.143764 -3.055025 22522.143764 -3.055025 65246.966691 0.074107
686 7.249409 22520.275329 -3.055025 22520.275329 -3.055025 65246.966691 0.074107
687 7.249354 22518.407125 -3.055025 22518.407125 -3.055025 65246.966691 0.074107
688 7.249299 22516.539152 -3.055025 22516.539152 -3.055025 65246.966691 0.074107
689 7.249244 22514.671411 -3.055026 22514.671411 -3.055026 65246.966691 0.074107
690 7.249189 22512.803900 -3.055026 22512.803900 -3.055026 65246.966691 0.074107
691 7.249134 22510.936620 -3.055026 22510.936620 -3.055026 65246.966691 0.074107
692 7.249079 22509.069572 -3.055026 22509.069572 -3.055026 65246.966691 0.074107
693 7.249024 22507.202754 -3.055026 22507.202754 -3.055026 65246.966691 0.074107
694 7.248969 22505.336169 -3.055026 22505.336169 -3.055026 65246.966691 0.074107
695 7.248914 22503.469814 -3.055026 22503.469814 -3.055026 65246.966691 0.074107
696 7.248859 22501.603691 -3.055027 22501.603691 -3.055027 65246.966691 0.074107
697 7.248804 22499.737800 -3.055027 22499.737800 -3.055027 65246.966691 0.074107
698 7.248749 22497.872140 -3.055027 22497.872140 -3.055027 65246.966691 0.074107
699 7.248694 22496.006711 -3.055027 22496.006711 -3.055027 65246.966691 0.074107
700 7.248639 22494.141514 -3.055027 22494.141514 -3.055027 65246.966691 0.074107
701 7.248583 22492.276549 -3.055027 22492.276549 -3.055027 65246.966691 0.074107
702 7.248528 22490.411816 -3.055027 22490.411816 -3.055027 65246.966691 0.074107
703 7.248473 22488.547314 -3.055028 22488.547314 -3.055028 65246.966691 0.074107
704 7.248418 22486.683045 -3.055028 22486.683045 -3.055028 65246.966691 0.074107
705 7.248362 22484.819007 -3.055028 22484.819007 -3.055028 65246.966691 0.074107
706 7.248307 22482.955201 -3.055028 22482.955201 -3.055028 65246.966691 0.074107
707 7.248252 22481.091627 -3.055028 22481.091627 -3.055028 65246.966691 0.074107
708 7.248196 22479.228285 -3.055028 22479.228285 -3.055028 65246.966691 0.074107
709 7.248141 22477.365175 -3.055028 22477.365175 -3.055028 65246.966691 0.074107
710 7.248085 22475.502297 -3.055029 22475.502297 -3.055029 65246.966691 0.074107
711 7.248030 22473.639651 -3.055029 22473.639651 -3.055029 65246.966691 0.074107
712 7.247974 22471.777238 -3.055029 22471.777238 -3.055029 65246.966691 0.074107
713 7.247919 22469.915057 -3.055029 22469.915057 -3.055029 65246.966691 0.074107
714 7.247863 22468.053108 -3.055029 22468.053108 -3.055029 65246.966691 0.074107
715 7.247808 22466.191391 -3.055029 22466.191391 -3.055029 65246.966691 0.074107
716 7.247752 22464.329906 -3.055030 22464.329906 -3.055030 65246.966691 0.074107
717 7.247697 22462.468654 -3.055030 22462.468654 -3.055030 65246.966691 0.074107
718 7.247641 22460.607635 -3.055030 22460.607635 -3.055030 65246.966691 0.074107
719 7.247585 22458.746848 -3.055030 22458.746848 -3.055030 65246.966691 0.074107
720 7.247530 22456.886293 -3.055030 22456.886293 -3.055030 65246.966691 0.074107
721 7.247474 22455.025971 -3.055030 22455.025971 -3.055030 65246.966691 0.074107
722 7.247418 22453.165881 -3.055030 22453.165881 -3.055030 65246.966691 0.074107
723 7.247362 22451.306024 -3.055031 22451.306024 -3.055031 65246.966691 0.074107
724 7.247307 22449.446399 -3.055031 22449.446399 -3.055031 65246.966691 0.074107
725 7.247251 22447.587008 -3.055031 22447.587008 -3.055031 65246.966691 0.074107
726 7.247195 22445.727848 -3.055031 22445.727848 -3.055031 65246.966691 0.074107
727 7.247139 22443.868922 -3.055031 22443.868922 -3.055031 65246.966691 0.074107
728 7.247083 22442.010228 -3.055031 22442.010228 -3.055031 65246.966691 0.074107
729 7.247027 22440.151767 -3.055031 22440.151767 -3.055031 65246.966691 0.074107
730 7.246971 22438.293539 -3.055032 22438.293539 -3.055032 65246.966691 0.074107
731 7.246915 22436.435544 -3.055032 22436.435544 -3.055032 65246.966691 0.074107
732 7.246859 22434.577781 -3.055032 22434.577781 -3.055032 65246.966691 0.074107
733 7.246803 22432.720252 -3.055032 22432.720252 -3.055032 65246.966691 0.074107
734 7.246747 22430.862955 -3.055032 22430.862955 -3.055032 65246.966691 0.074107
735 7.246691 22429.005891 -3.055032 22429.005891 -3.055032 65246.966691 0.074107
736 7.246635 22427.149060 -3.055033 22427.149060 -3.055033 65246.966691 0.074107
737 7.246579 22425.292463 -3.055033 22425.292463 -3.055033 65246.966691 0.074107
738 7.246523 22423.436098 -3.055033 22423.436098 -3.055033 65246.966691 0.074107
739 7.246467 22421.579966 -3.055033 22421.579966 -3.055033 65246.966691 0.074107
740 7.246411 22419.724067 -3.055033 22419.724067 -3.055033 65246.966691 0.074107
741 7.246355 22417.868401 -3.055033 22417.868401 -3.055033 65246.966691 0.074107
742 7.246298 22416.012969 -3.055033 22416.012969 -3.055033 65246.966691 0.074107
743 7.246242 22414.157769 -3.055034 22414.157769 -3.055034 65246.966691 0.074107
744 7.246186 22412.302803 -3.055034 22412.302803 -3.055034 65246.966691 0.074107
745 7.246130 22410.448070 -3.055034 22410.448070 -3.055034 65246.966691 0.074107
746 7.246073 22408.593570 -3.055034 22408.593570 -3.055034 65246.966691 0.074107
747 7.246017 22406.739303 -3.055034 22406.739303 -3.055034 65246.966691 0.074107
748 7.245961 22404.885269 -3.055034 22404.885269 -3.055034 65246.966691 0.074107
749 7.245904 22403.031469 -3.055034 22403.031469 -3.055034 65246.966691 0.074107
750 7.245848 22401.177901 -3.055035 22401.177901 -3.055035 65246.966691 0.074107
751 7.245791 22399.324567 -3.055035 22399.324567 -3.055035 65246.966691 0.074107
752 7.245735 22397.471467 -3.055035 22397.471467 -3.055035 65246.966691 0.074107
753 7.245679 22395.618599 -3.055035 22395.618599 -3.055035 65246.966691 0.074107
754 7.245622 22393.765965 -3.055035 22393.765965 -3.055035 65246.966691 0.074107
755 7.245566 22391.913564 -3.055035 22391.913564 -3.055035 65246.966691 0.074107
756 7.245509 22390.061397 -3.055036 22390.061397 -3.055036 65246.966691 0.074107
757 7.245452 22388.209463 -3.055036 22388.209463 -3.055036 65246.966691 0.074107
758 7.245396 22386.357762 -3.055036 22386.357762 -3.055036 65246.966691 0.074107
759 7.245339 22384.506295 -3.055036 22384.506295 -3.055036 65246.966691 0.074107
760 7.245283 22382.655061 -3.055036 22382.655061 -3.055036 65246.966691 0.074107
761 7.245226 22380.804060 -3.055036 22380.804060 -3.055036 65246.966691 0.074107
762 7.245169 22378.953293 -3.055036 22378.953293 -3.055036 65246.966691 0.074107
763 7.245113 22377.102759 -3.055037 22377.102759 -3.055037 65246.966691 0.074107
764 7.245056 22375.252458 -3.055037 22375.252458 -3.055037 65246.966691 0.074107
765 7.244999 22373.402391 -3.055037 22373.402391 -3.055037 65246.966691 0.074107
766 7.244942 22371.552558 -3.055037 22371.552558 -3.055037 65246.966691 0.074107
767 7.244886 22369.702958 -3.055037 22369.702958 -3.055037 65246.966691 0.074107
768 7.244829 22367.853591 -3.055037 22367.853591 -3.055037 65246.966691 0.074107
769 7.244772 22366.004458 -3.055038 22366.004458 -3.055038 65246.966691 0.074107
770 7.244715 22364.155558 -3.055038 22364.155558 -3.055038 65246.966691 0.074107
771 7.244658 22362.306892 -3.055038 22362.306892 -3.055038 65246.966691 0.074107
772 7.244601 22360.458459 -3.055038 22360.458459 -3.055038 65246.966691 0.074107
773 7.244544 22358.610260 -3.055038 22358.610260 -3.055038 65246.966691 0.074107
774 7.244488 22356.762294 -3.055038 22356.762294 -3.055038 65246.966691 0.074107
775 7.244431 22354.914562 -3.055038 22354.914562 -3.055038 65246.966691 0.074107
776 7.244374 22353.067063 -3.055039 22353.067063 -3.055039 65246.966691 0.074107
777 7.244317 22351.219798 -3.055039 22351.219798 -3.055039 65246.966691 0.074107
778 7.244260 22349.372767 -3.055039 22349.372767 -3.055039 65246.966691 0.074107
779 7.244203 22347.525968 -3.055039 22347.525968 -3.055039 65246.966691 0.074107
780 7.244145 22345.679404 -3.055039 22345.679404 -3.055039 65246.966691 0.074107
781 7.244088 22343.833072 -3.055039 22343.833072 -3.055039 65246.966691 0.074107
782 7.244031 22341.986975 -3.055039 22341.986975 -3.055039 65246.966691 0.074107
783 7.243974 22340.141111 -3.055040 22340.141111 -3.055040 65246.966691 0.074107
784 7.243917 22338.295480 -3.055040 22338.295480 -3.055040 65246.966691 0.074107
785 7.243860 22336.450083 -3.055040 22336.450083 -3.055040 65246.966691 0.074107
786 7.243803 22334.604919 -3.055040 22334.604919 -3.055040 65246.966691 0.074107
787 7.243745 22332.759989 -3.055040 22332.759989 -3.055040 65246.966691 0.074107
788 7.243688 22330.915293 -3.055040 22330.915293 -3.055040 65246.966691 0.074107
789 7.243631 22329.070830 -3.055041 22329.070830 -3.055041 65246.966691 0.074107
790 7.243574 22327.226600 -3.055041 22327.226600 -3.055041 65246.966691 0.074107
791 7.243516 22325.382604 -3.055041 22325.382604 -3.055041 65246.966691 0.074107
792 7.243459 22323.538842 -3.055041 22323.538842 -3.055041 65246.966691 0.074107
793 7.243402 22321.695313 -3.055041 22321.695313 -3.055041 65246.966691 0.074107
794 7.243344 22319.852017 -3.055041 22319.852017 -3.055041 65246.966691 0.074107
795 7.243287 22318.008956 -3.055041 22318.008956 -3.055041 65246.966691 0.074107
796 7.243229 22316.166127 -3.055042 22316.166127 -3.055042 65246.966691 0.074107
797 7.243172 22314.323532 -3.055042 22314.323532 -3.055042 65246.966691 0.074107
798 7.243115 22312.481171 -3.055042 22312.481171 -3.055042 65246.966691 0.074107
799 7.243057 22310.639043 -3.055042 22310.639043 -3.055042 65246.966691 0.074107
800 7.243000 22308.797148 -3.055042 22308.797148 -3.055042 65246.966691 0.074107
801 7.242942 22306.955487 -3.055042 22306.955487 -3.055042 65246.966691 0.074107
802 7.242885 22305.114060 -3.055043 22305.114060 -3.055043 65246.966691 0.074107
803 7.242827 22303.272866 -3.055043 22303.272866 -3.055043 65246.966691 0.074107
804 7.242769 22301.431905 -3.055043 22301.431905 -3.055043 65246.966691 0.074107
805 7.242712 22299.591178 -3.055043 22299.591178 -3.055043 65246.966691 0.074107
806 7.242654 22297.750685 -3.055043 22297.750685 -3.055043 65246.966691 0.074107
807 7.242597 22295.910424 -3.055043 22295.910424 -3.055043 65246.966691 0.074107
808 7.242539 22294.070398 -3.055043 22294.070398 -3.055043 65246.966691 0.074107
809 7.242481 22292.230604 -3.055044 22292.230604 -3.055044 65246.966691 0.074107
810 7.242424 22290.391044 -3.055044 22290.391044 -3.055044 65246.966691 0.074107
811 7.242366 22288.551718 -3.055044 22288.551718 -3.055044 65246.966691 0.074107
812 7.242308 22286.712625 -3.055044 22286.712625 -3.055044 65246.966691 0.074107
813 7.242250 22284.873765 -3.055044 22284.873765 -3.055044 65246.966691 0.074107
814 7.242193 22283.035138 -3.055044 22283.035138 -3.055044 65246.966691 0.074107
815 7.242135 22281.196745 -3.055045 22281.196745 -3.055045 65246.966691 0.074107
816 7.242077 22279.358586 -3.055045 22279.358586 -3.055045 65246.966691 0.074107
817 7.242019 22277.520659 -3.055045 22277.520659 -3.055045 65246.966691 0.074107
818 7.241961 22275.682966 -3.055045 22275.682966 -3.055045 65246.966691 0.074107
819 7.241903 22273.845507 -3.055045 22273.845507 -3.055045 65246.966691 0.074107
820 7.241845 22272.008280 -3.055045 22272.008280 -3.055045 65246.966691 0.074107
821 7.241787 22270.171287 -3.055045 22270.171287 -3.055045 65246.966691 0.074107
822 7.241730 22268.334528 -3.055046 22268.334528 -3.055046 65246.966691 0.074107
823 7.241672 22266.498001 -3.055046 22266.498001 -3.055046 65246.966691 0.074107
824 7.241614 22264.661708 -3.055046 22264.661708 -3.055046 65246.966691 0.074107
825 7.241556 22262.825648 -3.055046 22262.825648 -3.055046 65246.966691 0.074107
826 7.241498 22260.989821 -3.055046 22260.989821 -3.055046 65246.966691 0.074107
827 7.241440 22259.154227 -3.055046 22259.154227 -3.055046 65246.966691 0.074107
828 7.241381 22257.318867 -3.055047 22257.318867 -3.055047 65246.966691 0.074107
829 7.241323 22255.483740 -3.055047 22255.483740 -3.055047 65246.966691 0.074107
830 7.241265 22253.648846 -3.055047 22253.648846 -3.055047 65246.966691 0.074107
831 7.241207 22251.814185 -3.055047 22251.814185 -3.055047 65246.966691 0.074107
832 7.241149 22249.979758 -3.055047 22249.979758 -3.055047 65246.966691 0.074107
833 7.241091 22248.145563 -3.055047 22248.145563 -3.055047 65246.966691 0.074107
834 7.241033 22246.311602 -3.055048 22246.311602 -3.055048 65246.966691 0.074107
835 7.240974 22244.477873 -3.055048 22244.477873 -3.055048 65246.966691 0.074107
836 7.240916 22242.644378 -3.055048 22242.644378 -3.055048 65246.966691 0.074107
837 7.240858 22240.811116 -3.055048 22240.811116 -3.055048 65246.966691 0.074107
838 7.240800 22238.978087 -3.055048 22238.978087 -3.055048 65246.966691 0.074107
839 7.240741 22237.145291 -3.055048 22237.145291 -3.055048 65246.966691 0.074107
840 7.240683 22235.312728 -3.055048 22235.312728 -3.055048 65246.966691 0.074107
841 7.240625 22233.480398 -3.055049 22233.480398 -3.055049 65246.966691 0.074107
842 7.240566 22231.648301 -3.055049 22231.648301 -3.055049 65246.966691 0.074107
843 7.240508 22229.816437 -3.055049 22229.816437 -3.055049 65246.966691 0.074107
844 7.240450 22227.984806 -3.055049 22227.984806 -3.055049 65246.966691 0.074107
845 7.240391 22226.153407 -3.055049 22226.153407 -3.055049 65246.966691 0.074107
846 7.240333 22224.322242 -3.055049 22224.322242 -3.055049 65246.966691 0.074107
847 7.240275 22222.491310 -3.055050 22222.491310 -3.055050 65246.966691 0.074107
848 7.240216 22220.660610 -3.055050 22220.660610 -3.055050 65246.966691 0.074107
849 7.240158 22218.830143 -3.055050 22218.830143 -3.055050 65246.966691 0.074107
850 7.240099 22216.999909 -3.055050 22216.999909 -3.055050 65246.966691 0.074107
851 7.240041 22215.169908 -3.055050 22215.169908 -3.055050 65246.966691 0.074107
852 7.239982 22213.340140 -3.055050 22213.340140 -3.055050 65246.966691 0.074107
853 7.239923 22211.510605 -3.055050 22211.510605 -3.055050 65246.966691 0.074107
854 7.239865 22209.681302 -3.055051 22209.681302 -3.055051 65246.966691 0.074107
855 7.239806 22207.852232 -3.055051 22207.852232 -3.055051 65246.966691 0.074107
856 7.239748 22206.023394 -3.055051 22206.023394 -3.055051 65246.966691 0.074107
857 7.239689 22204.194790 -3.055051 22204.194790 -3.055051 65246.966691 0.074107
858 7.239630 22202.366418 -3.055051 22202.366418 -3.055051 65246.966691 0.074107
859 7.239572 22200.538278 -3.055051 22200.538278 -3.055051 65246.966691 0.074107
860 7.239513 22198.710372 -3.055052 22198.710372 -3.055052 65246.966691 0.074107
861 7.239454 22196.882698 -3.055052 22196.882698 -3.055052 65246.966691 0.074107
862 7.239396 22195.055256 -3.055052 22195.055256 -3.055052 65246.966691 0.074107
863 7.239337 22193.228047 -3.055052 22193.228047 -3.055052 65246.966691 0.074107
864 7.239278 22191.401071 -3.055052 22191.401071 -3.055052 65246.966691 0.074107
865 7.239219 22189.574327 -3.055052 22189.574327 -3.055052 65246.966691 0.074107
866 7.239161 22187.747815 -3.055053 22187.747815 -3.055053 65246.966691 0.074107
867 7.239102 22185.921536 -3.055053 22185.921536 -3.055053 65246.966691 0.074107
868 7.239043 22184.095490 -3.055053 22184.095490 -3.055053 65246.966691 0.074107
869 7.238984 22182.269676 -3.055053 22182.269676 -3.055053 65246.966691 0.074107
870 7.238925 22180.444094 -3.055053 22180.444094 -3.055053 65246.966691 0.074107
871 7.238866 22178.618744 -3.055053 22178.618744 -3.055053 65246.966691 0.074107
872 7.238808 22176.793627 -3.055053 22176.793627 -3.055053 65246.966691 0.074107
873 7.238749 22174.968743 -3.055054 22174.968743 -3.055054 65246.966691 0.074107
874 7.238690 22173.144090 -3.055054 22173.144090 -3.055054 65246.966691 0.074107
875 7.238631 22171.319670 -3.055054 22171.319670 -3.055054 65246.966691 0.074107
876 7.238572 22169.495482 -3.055054 22169.495482 -3.055054 65246.966691 0.074107
877 7.238513 22167.671526 -3.055054 22167.671526 -3.055054 65246.966691 0.074107
878 7.238454 22165.847803 -3.055054 22165.847803 -3.055054 65246.966691 0.074107
879 7.238395 22164.024311 -3.055055 22164.024311 -3.055055 65246.966691 0.074107
880 7.238336 22162.201052 -3.055055 22162.201052 -3.055055 65246.966691 0.074107
881 7.238277 22160.378025 -3.055055 22160.378025 -3.055055 65246.966691 0.074107
882 7.238218 22158.555230 -3.055055 22158.555230 -3.055055 65246.966691 0.074107
883 7.238158 22156.732667 -3.055055 22156.732667 -3.055055 65246.966691 0.074107
884 7.238099 22154.910336 -3.055055 22154.910336 -3.055055 65246.966691 0.074107
885 7.238040 22153.088237 -3.055056 22153.088237 -3.055056 65246.966691 0.074107
886 7.237981 22151.266370 -3.055056 22151.266370 -3.055056 65246.966691 0.074107
887 7.237922 22149.444735 -3.055056 22149.444735 -3.055056 65246.966691 0.074107
888 7.237863 22147.623332 -3.055056 22147.623332 -3.055056 65246.966691 0.074107
889 7.237803 22145.802161 -3.055056 22145.802161 -3.055056 65246.966691 0.074107
890 7.237744 22143.981222 -3.055056 22143.981222 -3.055056 65246.966691 0.074107
891 7.237685 22142.160514 -3.055056 22142.160514 -3.055056 65246.966691 0.074107
892 7.237626 22140.340038 -3.055057 22140.340038 -3.055057 65246.966691 0.074107
893 7.237566 22138.519795 -3.055057 22138.519795 -3.055057 65246.966691 0.074107
894 7.237507 22136.699782 -3.055057 22136.699782 -3.055057 65246.966691 0.074107
895 7.237448 22134.880002 -3.055057 22134.880002 -3.055057 65246.966691 0.074107
896 7.237389 22133.060453 -3.055057 22133.060453 -3.055057 65246.966691 0.074107
897 7.237329 22131.241136 -3.055057 22131.241136 -3.055057 65246.966691 0.074107
898 7.237270 22129.422051 -3.055058 22129.422051 -3.055058 65246.966691 0.074107
899 7.237210 22127.603197 -3.055058 22127.603197 -3.055058 65246.966691 0.074107
900 7.237151 22125.784575 -3.055058 22125.784575 -3.055058 65246.966691 0.074107
901 7.237092 22123.966184 -3.055058 22123.966184 -3.055058 65246.966691 0.074107
902 7.237032 22122.148025 -3.055058 22122.148025 -3.055058 65246.966691 0.074107
903 7.236973 22120.330098 -3.055058 22120.330098 -3.055058 65246.966691 0.074107
904 7.236913 22118.512402 -3.055059 22118.512402 -3.055059 65246.966691 0.074107
905 7.236854 22116.694937 -3.055059 22116.694937 -3.055059 65246.966691 0.074107
906 7.236794 22114.877704 -3.055059 22114.877704 -3.055059 65246.966691 0.074107
907 7.236735 22113.060702 -3.055059 22113.060702 -3.055059 65246.966691 0.074107
908 7.236675 22111.243931 -3.055059 22111.243931 -3.055059 65246.966691 0.074107
909 7.236616 22109.427392 -3.055059 22109.427392 -3.055059 65246.966691 0.074107
910 7.236556 22107.611084 -3.055059 22107.611084 -3.055059 65246.966691 0.074107
911 7.236497 22105.795007 -3.055060 22105.795007 -3.055060 65246.966691 0.074107
912 7.236437 22103.979162 -3.055060 22103.979162 -3.055060 65246.966691 0.074107
913 7.236377 22102.163547 -3.055060 22102.163547 -3.055060 65246.966691 0.074107
914 7.236318 22100.348164 -3.055060 22100.348164 -3.055060 65246.966691 0.074107
915 7.236258 22098.533012 -3.055060 22098.533012 -3.055060 65246.966691 0.074107
916 7.236198 22096.718091 -3.055060 22096.718091 -3.055060 65246.966691 0.074107
917 7.236139 22094.903401 -3.055061 22094.903401 -3.055061 65246.966691 0.074107
918 7.236079 22093.088942 -3.055061 22093.088942 -3.055061 65246.966691 0.074107
919 7.236019 22091.274715 -3.055061 22091.274715 -3.055061 65246.966691 0.074107
920 7.235960 22089.460718 -3.055061 22089.460718 -3.055061 65246.966691 0.074107
921 7.235900 22087.646952 -3.055061 22087.646952 -3.055061 65246.966691 0.074107
922 7.235840 22085.833417 -3.055061 22085.833417 -3.055061 65246.966691 0.074107
923 7.235780 22084.020113 -3.055062 22084.020113 -3.055062 65246.966691 0.074107
924 7.235721 22082.207039 -3.055062 22082.207039 -3.055062 65246.966691 0.074107
925 7.235661 22080.394197 -3.055062 22080.394197 -3.055062 65246.966691 0.074107
926 7.235601 22078.581585 -3.055062 22078.581585 -3.055062 65246.966691 0.074107
927 7.235541 22076.769204 -3.055062 22076.769204 -3.055062 65246.966691 0.074107
928 7.235481 22074.957054 -3.055062 22074.957054 -3.055062 65246.966691 0.074107
929 7.235421 22073.145134 -3.055063 22073.145134 -3.055063 65246.966691 0.074107
930 7.235361 22071.333445 -3.055063 22071.333445 -3.055063 65246.966691 0.074107
931 7.235301 22069.521987 -3.055063 22069.521987 -3.055063 65246.966691 0.074107
932 7.235242 22067.710759 -3.055063 22067.710759 -3.055063 65246.966691 0.074107
933 7.235182 22065.899762 -3.055063 22065.899762 -3.055063 65246.966691 0.074107
934 7.235122 22064.088995 -3.055063 22064.088995 -3.055063 65246.966691 0.074107
935 7.235062 22062.278459 -3.055063 22062.278459 -3.055063 65246.966691 0.074107
936 7.235002 22060.468153 -3.055064 22060.468153 -3.055064 65246.966691 0.074107
937 7.234942 22058.658078 -3.055064 22058.658078 -3.055064 65246.966691 0.074107
938 7.234882 22056.848233 -3.055064 22056.848233 -3.055064 65246.966691 0.074107
939 7.234822 22055.038618 -3.055064 22055.038618 -3.055064 65246.966691 0.074107
940 7.234762 22053.229234 -3.055064 22053.229234 -3.055064 65246.966691 0.074107
941 7.234701 22051.420080 -3.055064 22051.420080 -3.055064 65246.966691 0.074107
942 7.234641 22049.611156 -3.055065 22049.611156 -3.055065 65246.966691 0.074107
943 7.234581 22047.802462 -3.055065 22047.802462 -3.055065 65246.966691 0.074107
944 7.234521 22045.993999 -3.055065 22045.993999 -3.055065 65246.966691 0.074107
945 7.234461 22044.185765 -3.055065 22044.185765 -3.055065 65246.966691 0.074107
946 7.234401 22042.377762 -3.055065 22042.377762 -3.055065 65246.966691 0.074107
947 7.234341 22040.569989 -3.055065 22040.569989 -3.055065 65246.966691 0.074107
948 7.234281 22038.762446 -3.055066 22038.762446 -3.055066 65246.966691 0.074107
949 7.234220 22036.955133 -3.055066 22036.955133 -3.055066 65246.966691 0.074107
950 7.234160 22035.148049 -3.055066 22035.148049 -3.055066 65246.966691 0.074107
951 7.234100 22033.341196 -3.055066 22033.341196 -3.055066 65246.966691 0.074107
952 7.234040 22031.534573 -3.055066 22031.534573 -3.055066 65246.966691 0.074107
953 7.233979 22029.728179 -3.055066 22029.728179 -3.055066 65246.966691 0.074107
954 7.233919 22027.922015 -3.055067 22027.922015 -3.055067 65246.966691 0.074107
955 7.233859 22026.116081 -3.055067 22026.116081 -3.055067 65246.966691 0.074107
956 7.233799 22024.310377 -3.055067 22024.310377 -3.055067 65246.966691 0.074107
957 7.233738 22022.504903 -3.055067 22022.504903 -3.055067 65246.966691 0.074107
958 7.233678 22020.699658 -3.055067 22020.699658 -3.055067 65246.966691 0.074107
959 7.233618 22018.894642 -3.055067 22018.894642 -3.055067 65246.966691 0.074107
960 7.233557 22017.089857 -3.055068 22017.089857 -3.055068 65246.966691 0.074107
961 7.233497 22015.285301 -3.055068 22015.285301 -3.055068 65246.966691 0.074107
962 7.233436 22013.480974 -3.055068 22013.480974 -3.055068 65246.966691 0.074107
963 7.233376 22011.676877 -3.055068 22011.676877 -3.055068 65246.966691 0.074107
964 7.233316 22009.873010 -3.055068 22009.873010 -3.055068 65246.966691 0.074107
965 7.233255 22008.069372 -3.055068 22008.069372 -3.055068 65246.966691 0.074107
966 7.233195 22006.265963 -3.055068 22006.265963 -3.055068 65246.966691 0.074107
967 7.233134 22004.462783 -3.055069 22004.462783 -3.055069 65246.966691 0.074107
968 7.233074 22002.659833 -3.055069 22002.659833 -3.055069 65246.966691 0.074107
969 7.233013 22000.857112 -3.055069 22000.857112 -3.055069 65246.966691 0.074107
970 7.232953 21999.054621 -3.055069 21999.054621 -3.055069 65246.966691 0.074107
971 7.232892 21997.252358 -3.055069 21997.252358 -3.055069 65246.966691 0.074107
972 7.232832 21995.450325 -3.055069 21995.450325 -3.055069 65246.966691 0.074107
973 7.232771 21993.648521 -3.055070 21993.648521 -3.055070 65246.966691 0.074107
974 7.232710 21991.846946 -3.055070 21991.846946 -3.055070 65246.966691 0.074107
975 7.232650 21990.045600 -3.055070 21990.045600 -3.055070 65246.966691 0.074107
976 7.232589 21988.244483 -3.055070 21988.244483 -3.055070 65246.966691 0.074107
977 7.232529 21986.443595 -3.055070 21986.443595 -3.055070 65246.966691 0.074107
978 7.232468 21984.642936 -3.055070 21984.642936 -3.055070 65246.966691 0.074107
979 7.232407 21982.842505 -3.055071 21982.842505 -3.055071 65246.966691 0.074107
980 7.232347 21981.042304 -3.055071 21981.042304 -3.055071 65246.966691 0.074107
981 7.232286 21979.242331 -3.055071 21979.242331 -3.055071 65246.966691 0.074107
982 7.232225 21977.442588 -3.055071 21977.442588 -3.055071 65246.966691 0.074107
983 7.232165 21975.643073 -3.055071 21975.643073 -3.055071 65246.966691 0.074107
984 7.232104 21973.843786 -3.055071 21973.843786 -3.055071 65246.966691 0.074107
985 7.232043 21972.044729 -3.055072 21972.044729 -3.055072 65246.966691 0.074107
986 7.231982 21970.245900 -3.055072 21970.245900 -3.055072 65246.966691 0.074107
987 7.231922 21968.447299 -3.055072 21968.447299 -3.055072 65246.966691 0.074107
988 7.231861 21966.648928 -3.055072 21966.648928 -3.055072 65246.966691 0.074107
989 7.231800 21964.850784 -3.055072 21964.850784 -3.055072 65246.966691 0.074107
990 7.231739 21963.052869 -3.055072 21963.052869 -3.055072 65246.966691 0.074107
991 7.231679 21961.255183 -3.055073 21961.255183 -3.055073 65246.966691 0.074107
992 7.231618 21959.457725 -3.055073 21959.457725 -3.055073 65246.966691 0.074107
993 7.231557 21957.660495 -3.055073 21957.660495 -3.055073 65246.966691 0.074107
994 7.231496 21955.863494 -3.055073 21955.863494 -3.055073 65246.966691 0.074107
995 7.231435 21954.066721 -3.055073 21954.066721 -3.055073 65246.966691 0.074107
996 7.231374 21952.270176 -3.055073 21952.270176 -3.055073 65246.966691 0.074107
997 7.231313 21950.473860 -3.055074 21950.473860 -3.055074 65246.966691 0.074107
998 7.231252 21948.677771 -3.055074 21948.677771 -3.055074 65246.966691 0.074107
999 7.231191 21946.881911 -3.055074 21946.881911 -3.055074 65246.966691 0.074107
1000 7.231130 21945.086279 -3.055074 21945.086279 -3.055074 65246.966691 0.074107
1001 7.231070 21943.290875 -3.055074 21943.290875 -3.055074 65246.966691 0.074107
1002 7.231009 21941.495698 -3.055074 21941.495698 -3.055074 65246.966691 0.074107
1003 7.230948 21939.700750 -3.055074 21939.700750 -3.055074 65246.966691 0.074107
1004 7.230887 21937.906030 -3.055075 21937.906030 -3.055075 65246.966691 0.074107
1005 7.230826 21936.111538 -3.055075 21936.111538 -3.055075 65246.966691 0.074107
1006 7.230765 21934.317273 -3.055075 21934.317273 -3.055075 65246.966691 0.074107
1007 7.230703 21932.523237 -3.055075 21932.523237 -3.055075 65246.966691 0.074107
1008 7.230642 21930.729428 -3.055075 21930.729428 -3.055075 65246.966691 0.074107
1009 7.230581 21928.935847 -3.055075 21928.935847 -3.055075 65246.966691 0.074107
1010 7.230520 21927.142493 -3.055076 21927.142493 -3.055076 65246.966691 0.074107
1011 7.230459 21925.349368 -3.055076 21925.349368 -3.055076 65246.966691 0.074107
1012 7.230398 21923.556469 -3.055076 21923.556469 -3.055076 65246.966691 0.074107
1013 7.230337 21921.763799 -3.055076 21921.763799 -3.055076 65246.966691 0.074107
1014 7.230276 21919.971356 -3.055076 21919.971356 -3.055076 65246.966691 0.074107
1015 7.230215 21918.179140 -3.055076 21918.179140 -3.055076 65246.966691 0.074107
1016 7.230153 21916.387152 -3.055077 21916.387152 -3.055077 65246.966691 0.074107
1017 7.230092 21914.595392 -3.055077 21914.595392 -3.055077 65246.966691 0.074107
1018 7.230031 21912.803858 -3.055077 21912.803858 -3.055077 65246.966691 0.074107
1019 7.229970 21911.012552 -3.055077 21911.012552 -3.055077 65246.966691 0.074107
1020 7.229909 21909.221474 -3.055077 21909.221474 -3.055077 65246.966691 0.074107
1021 7.229847 21907.430622 -3.055077 21907.430622 -3.055077 65246.966691 0.074107
1022 7.229786 21905.639998 -3.055078 21905.639998 -3.055078 65246.966691 0.074107
1023 7.229725 21903.849601 -3.055078 21903.849601 -3.055078 65246.966691 0.074107
1024 7.229664 21902.059432 -3.055078 21902.059432 -3.055078 65246.966691 0.074107
1025 7.229602 21900.269489 -3.055078 21900.269489 -3.055078 65246.966691 0.074107
1026 7.229541 21898.479773 -3.055078 21898.479773 -3.055078 65246.966691 0.074107
1027 7.229480 21896.690285 -3.055078 21896.690285 -3.055078 65246.966691 0.074107
1028 7.229418 21894.901023 -3.055079 21894.901023 -3.055079 65246.966691 0.074107
1029 7.229357 21893.111988 -3.055079 21893.111988 -3.055079 65246.966691 0.074107
1030 7.229296 21891.323180 -3.055079 21891.323180 -3.055079 65246.966691 0.074107
1031 7.229234 21889.534599 -3.055079 21889.534599 -3.055079 65246.966691 0.074107
1032 7.229173 21887.746245 -3.055079 21887.746245 -3.055079 65246.966691 0.074107
1033 7.229112 21885.958118 -3.055079 21885.958118 -3.055079 65246.966691 0.074107
1034 7.229050 21884.170217 -3.055080 21884.170217 -3.055080 65246.966691 0.074107
1035 7.228989 21882.382543 -3.055080 21882.382543 -3.055080 65246.966691 0.074107
1036 7.228927 21880.595096 -3.055080 21880.595096 -3.055080 65246.966691 0.074107
1037 7.228866 21878.807876 -3.055080 21878.807876 -3.055080 65246.966691 0.074107
1038 7.228804 21877.020882 -3.055080 21877.020882 -3.055080 65246.966691 0.074107
1039 7.228743 21875.234114 -3.055080 21875.234114 -3.055080 65246.966691 0.074107
1040 7.228682 21873.447573 -3.055081 21873.447573 -3.055081 65246.966691 0.074107
1041 7.228620 21871.661258 -3.055081 21871.661258 -3.055081 65246.966691 0.074107
1042 7.228559 21869.875170 -3.055081 21869.875170 -3.055081 65246.966691 0.074107
1043 7.228497 21868.089308 -3.055081 21868.089308 -3.055081 65246.966691 0.074107
1044 7.228435 21866.303673 -3.055081 21866.303673 -3.055081 65246.966691 0.074107
1045 7.228374 21864.518264 -3.055081 21864.518264 -3.055081 65246.966691 0.074107
1046 7.228312 21862.733081 -3.055082 21862.733081 -3.055082 65246.966691 0.074107
1047 7.228251 21860.948124 -3.055082 21860.948124 -3.055082 65246.966691 0.074107
1048 7.228189 21859.163394 -3.055082 21859.163394 -3.055082 65246.966691 0.074107
1049 7.228128 21857.378889 -3.055082 21857.378889 -3.055082 65246.966691 0.074107
1050 7.228066 21855.594611 -3.055082 21855.594611 -3.055082 65246.966691 0.074107
1051 7.228004 21853.810559 -3.055082 21853.810559 -3.055082 65246.966691 0.074107
1052 7.227943 21852.026732 -3.055083 21852.026732 -3.055083 65246.966691 0.074107
1053 7.227881 21850.243132 -3.055083 21850.243132 -3.055083 65246.966691 0.074107
1054 7.227819 21848.459758 -3.055083 21848.459758 -3.055083 65246.966691 0.074107
1055 7.227758 21846.676609 -3.055083 21846.676609 -3.055083 65246.966691 0.074107
1056 7.227696 21844.893686 -3.055083 21844.893686 -3.055083 65246.966691 0.074107
1057 7.227634 21843.110990 -3.055083 21843.110990 -3.055083 65246.966691 0.074107
1058 7.227573 21841.328518 -3.055084 21841.328518 -3.055084 65246.966691 0.074107
1059 7.227511 21839.546273 -3.055084 21839.546273 -3.055084 65246.966691 0.074107
1060 7.227449 21837.764253 -3.055084 21837.764253 -3.055084 65246.966691 0.074107
1061 7.227387 21835.982459 -3.055084 21835.982459 -3.055084 65246.966691 0.074107
1062 7.227326 21834.200891 -3.055084 21834.200891 -3.055084 65246.966691 0.074107
1063 7.227264 21832.419548 -3.055084 21832.419548 -3.055084 65246.966691 0.074107
1064 7.227202 21830.638430 -3.055085 21830.638430 -3.055085 65246.966691 0.074107
1065 7.227140 21828.857538 -3.055085 21828.857538 -3.055085 65246.966691 0.074107
1066 7.227079 21827.076872 -3.055085 21827.076872 -3.055085 65246.966691 0.074107
1067 7.227017 21825.296430 -3.055085 21825.296430 -3.055085 65246.966691 0.074107
1068 7.226955 21823.516215 -3.055085 21823.516215 -3.055085 65246.966691 0.074107
1069 7.226893 21821.736224 -3.055085 21821.736224 -3.055085 65246.966691 0.074107
1070 7.226831 21819.956459 -3.055086 21819.956459 -3.055086 65246.966691 0.074107
1071 7.226769 21818.176919 -3.055086 21818.176919 -3.055086 65246.966691 0.074107
1072 7.226707 21816.397604 -3.055086 21816.397604 -3.055086 65246.966691 0.074107
1073 7.226646 21814.618514 -3.055086 21814.618514 -3.055086 65246.966691 0.074107
1074 7.226584 21812.839649 -3.055086 21812.839649 -3.055086 65246.966691 0.074107
1075 7.226522 21811.061010 -3.055086 21811.061010 -3.055086 65246.966691 0.074107
1076 7.226460 21809.282595 -3.055086 21809.282595 -3.055086 65246.966691 0.074107
1077 7.226398 21807.504406 -3.055087 21807.504406 -3.055087 65246.966691 0.074107
1078 7.226336 21805.726441 -3.055087 21805.726441 -3.055087 65246.966691 0.074107
1079 7.226274 21803.948701 -3.055087 21803.948701 -3.055087 65246.966691 0.074107
1080 7.226212 21802.171186 -3.055087 21802.171186 -3.055087 65246.966691 0.074107
1081 7.226150 21800.393896 -3.055087 21800.393896 -3.055087 65246.966691 0.074107
1082 7.226088 21798.616830 -3.055087 21798.616830 -3.055087 65246.966691 0.074107
1083 7.226026 21796.839990 -3.055088 21796.839990 -3.055088 65246.966691 0.074107
1084 7.225964 21795.063374 -3.055088 21795.063374 -3.055088 65246.966691 0.074107
1085 7.225902 21793.286982 -3.055088 21793.286982 -3.055088 65246.966691 0.074107
